10
 39
 37
 37
 36
 1
 7
 16
 26
 28
 37
 39
 40
 43
 56
 59
 55
 53
 46
 49
 57
 58
 56
 55
 45
 40
 39
 53
 47
 50
 35
 32
 35
 41
 40
 40
 44
 30
 33
 31
 32
 49
 48
 35
 35
 36
 35
 44
 37
 40
 44
 32
 30
 34
 33
 33
 39
 32
 33
 35
 33
 39
 40
 38
 36
 36
 31
 35
 35
 39
 41
 32
 35
 35
 36
 36
 34
 37
 39
 32
 31
 35
 36
 32
 34
 46
 48
 42
 47
 46
 47
 47
 50
 51
 50
 42
 40
 38
 31
 32
 46
 41
 34
 32
 34
 34
 34
 31
 44
 43
 30
 35
 33
 30
 35
 35
 48
 49
 43
 41
 41
 38
 43
 41
 49
 51
 37
 39
 30
 32
 37
 36
 45
 48
 37
 39
 40
 44
 42
 43
 48
 48
 37
 39
 40
 36
 35
 26
 38
 36
 28
 29
 32
 31
 32
 32
 43
 43
 34
 36
 36
 40
 38
 38
 45
 46
 36
 35
 39
 40
 43
 47
 49
 53
 40
 39
 42
 42
 41
 39
 38
 29
 25
 24
 31
 33
 33
 35
 34
 33
 36
 32
 35
 35
 28
 26
 28
 27
 35
 35
 32
 34
 30
 35
 31
 33
 42
 43
 36
 37
 37
 32
 36
 33
 46
 42
 40
 39
 31
 35
 39
 40
 47
 49
 37
 37
 32
 33
 33
 32
 34
 35
 26
 35
 35
 38
 35
 33
 47
 49
 45
 46
 39
 37
 39
 36
 47
 43
 32
 31
 29
 30
 25
 34
 40
 40
 31
 33
 37
 34
 45
 46
 47
 41
 34
 33
 36
 46
 36
 38
 34
 38
 34
 38
 37
 38
 31
 24
 24
 27
 33
 30
 31
 28
 32
 30
 34
 42
 44
 42
 33
 31
 30
 30
 34
 49
 48
 35
 40
 42
 39
 42
 41
 54
 51
 37
 38
 41
 38
 36
 36
 43
 44
 36
 36
 37
 34
 35
 43
 47
 40
 36
 41
 34
 36
 35
 37
 42
 33
 35
 39
 40
 38
 40
 36
 38
 40
 29
 34
 33
 26
 41
 43
 39
 40
 40
 37
 44
 40
 51
 54
 38
 37
 39
 38
 41
 39
 43
 45
 32
 32
 34
 33
 30
 31
 32
 32
 22
 20
 21
 22
 23
 24
 25
 29
 33
 35
 33
 34
 37
 37
 33
 35
 33
 31
 27
 25
 27
 31
 28
 29
 29
 26
 32
 33
 26
 25
 26
 30
 29
 24
 25
 33
 26
 25
 28
 28
 27
 21
 26
 28
 28
 30
 29
 30
 32
 34
 44
 45
 40
 40
 43
 36
 33
 33
 42
 43
 31
 33
 36
 32
 31
 29
 35
 38
 28
 26
 29
 27
 40
 42
 39
 42
 34
 35
 33
 36
 38
 40
 31
 29
 32
 29
 29
 31
 44
 42
 33
 34
 38
 40
 36
 41
 50
 50
 36
 36
 40
 40
 43
 41
 41
 36
 31
 31
 32
 34
 45
 43
 36
 39
 38
 37
 36
 47
 49
 52
 37
 39
 39
 41
 46
 46
 48
 32
 32
 29
 28
 32
 32
 28
 24
 29
 29
 31
 33
 38
 40
 40
 40
 40
 39
 35
 35
 36
 36
 25
 24
 31
 29
 27
 27
 32
 35
 33
 41
 42
 43
 39
 42
 43
 44
 39
 51
 43
 37
 42
 42
 43
 41
 38
 51
 53
 36
 39
 39
 35
 37
 39
 49
 50
 35
 38
 38
 35
 36
 37
 45
 41
 33
 32
 32
 31
 32
 34
 47
 46
 35
 34
 38
 36
 38
 39
 49
 47
 31
 34
 36
 35
 31
 37
 45
 47
 35
 37
 43
 38
 40
 39
 47
 41
 38
 41
 44
 41
 36
 36
 49
 51
 36
 39
 38
 35
 31
 33
 40
 41
 30
 32
 35
 33
 30
 31
 42
 42
 32
 36
 34
 34
 35
 39
 42
 41
 32
 32
 38
 35
 37
 35
 42
 33
 34
 35
 38
 40
 37
 34
 44
 47
 35
 34
 31
 34
 34
 37
 26
 29
 30
 29
 30
 30
 31
 38
 44
 38
 36
 38
 30
 30
 36
 36
 45
 38
 32
 34
 39
 36
 36
 47
 37
 38
 39
 39
 40
 36
 30
 46
 48
 42
 42
 42
 34
 37
 33
 46
 47
 34
 35
 30
 31
 34
 38
 35
 38
 24
 26
 29
 27
 31
 34
 32
 26
 24
 27
 36
 39
 37
 34
 34
 34
 30
 30
 38
 35
 29
 29
 26
 31
 29
 26
 29
 33
 38
 39
 38
 42
 41
 34
 38
 40
 94
 92
 80
 85
 88
 89
 88
 92
 97
 95
 37
 43
 45
 39
 39
 28
 40
 44
 34
 36
 37
 36
 33
 35
 47
 48
 37
 36
 36
 37
 39
 38
 48
 46
 31
 30
 33
 40
 38
 37
 40
 39
 33
 31
 31
 42
 41
 37
 37
 39
 39
 38
 40
 55
 57
 46
 44
 39
 39
 39
 36
 47
 46
 32
 32
 31
 32
 34
 32
 42
 43
 33
 32
 32
 33
 31
 38
 44
 46
 36
 39
 34
 35
 35
 35
 51
 46
 35
 36
 36
 34
 33
 34
 50
 50
 35
 37
 36
 35
 36
 47
 43
 43
 30
 30
 36
 35
 35
 45
 46
 39
 38
 38
 39
 38
 36
 42
 45
 29
 32
 31
 33
 35
 33
 47
 47
 38
 38
 40
 42
 39
 47
 48
 47
 36
 35
 36
 37
 36
 39
 40
 33
 33
 33
 34
 33
 31
 39
 42
 31
 32
 32
 32
 32
 32
 43
 38
 31
 36
 37
 34
 34
 36
 44
 44
 31
 31
 32
 31
 32
 41
 43
 38
 32
 32
 32
 33
 35
 47
 40
 36
 36
 36
 34
 35
 42
 47
 48
 33
 35
 36
 34
 36
 37
 46
 41
 32
 32
 38
 38
 35
 35
 45
 44
 34
 32
 32
 35
 26
 31
 31
 34
 23
 23
 25
 24
 26
 24
 35
 30
 35
 37
 32
 29
 32
 32
 43
 40
 33
 33
 25
 26
 29
 40
 42
 42
 30
 30
 34
 35
 33
 45
 43
 37
 37
 37
 41
 41
 41
 48
 50
 37
 40
 43
 42
 43
 36
 37
 37
 28
 31
 30
 31
 32
 35
 35
 38
 41
 36
 37
 37
 105
 107
 96
 96
 100
 89
 88
 91
 106
 109
 39
 41
 43
 40
 38
 40
 104
 101
 86
 88
 91
 90
 115
 120
 122
 123
 72
 75
 75
 72
 41
 39
 50
 48
 49
 48
 38
 34
 35
 38
 42
 37
 30
 28
 30
 28
 40
 38
 37
 39
 33
 33
 30
 40
 46
 47
 35
 36
 36
 34
 36
 35
 53
 46
 36
 40
 43
 43
 43
 46
 56
 58
 42
 40
 40
 39
 36
 34
 45
 46
 34
 34
 33
 37
 36
 36
 42
 43
 33
 31
 31
 31
 28
 39
 35
 36
 33
 29
 30
 34
 34
 50
 51
 36
 37
 39
 39
 35
 34
 46
 49
 39
 38
 40
 40
 37
 35
 47
 50
 37
 36
 33
 33
 36
 26
 27
 26
 22
 23
 39
 38
 36
 37
 36
 38
 37
 39
 50
 49
 36
 37
 38
 39
 33
 49
 49
 49
 40
 42
 44
 40
 43
 52
 53
 34
 36
 33
 33
 34
 36
 43
 44
 30
 33
 32
 31
 31
 35
 47
 43
 35
 35
 36
 36
 39
 39
 51
 50
 35
 34
 35
 34
 36
 37
 45
 44
 31
 33
 33
 35
 34
 34
 44
 44
 34
 34
 38
 36
 36
 37
 47
 44
 35
 36
 37
 37
 34
 36
 46
 45
 34
 35
 36
 36
 33
 33
 34
 27
 21
 24
 24
 23
 34
 36
 35
 37
 36
 35
 36
 45
 46
 39
 33
 34
 35
 34
 31
 42
 44
 33
 37
 37
 37
 35
 37
 45
 47
 38
 37
 37
 32
 42
 43
 45
 44
 33
 32
 33
 50
 50
 49
 39
 39
 42
 42
 39
 57
 58
 38
 41
 42
 41
 42
 37
 49
 51
 34
 34
 34
 31
 32
 31
 44
 44
 32
 34
 32
 33
 30
 34
 40
 41
 30
 31
 34
 31
 32
 30
 42
 40
 32
 33
 32
 31
 27
 28
 41
 41
 29
 30
 29
 28
 27
 30
 35
 35
 23
 24
 24
 24
 33
 35
 37
 35
 31
 34
 34
 35
 45
 42
 30
 31
 31
 30
 36
 36
 41
 39
 31
 30
 30
 32
 41
 40
 35
 36
 32
 34
 33
 37
 46
 46
 34
 32
 33
 32
 32
 33
 46
 39
 33
 34
 33
 34
 35
 33
 50
 50
 35
 36
 35
 35
 36
 38
 45
 45
 30
 31
 32
 32
 34
 32
 38
 38
 25
 28
 28
 37
 38
 34
 35
 38
 34
 33
 38
 33
 35
 30
 27
 30
 36
 34
 35
 39
 33
 31
 32
 33
 34
 41
 33
 27
 30
 27
 44
 45
 46
 48
 48
 40
 40
 40
 49
 49
 33
 32
 34
 30
 32
 35
 42
 43
 32
 34
 32
 35
 37
 38
 44
 40
 32
 35
 38
 35
 37
 36
 42
 44
 40
 40
 42
 41
 37
 40
 53
 52
 37
 34
 36
 32
 35
 33
 38
 38
 30
 31
 30
 44
 43
 43
 42
 41
 38
 38
 37
 38
 30
 24
 24
 24
 21
 32
 35
 32
 31
 32
 35
 34
 35
 47
 47
 41
 42
 43
 41
 40
 34
 48
 45
 37
 38
 32
 33
 33
 35
 47
 48
 35
 37
 37
 39
 33
 36
 46
 46
 33
 31
 32
 29
 31
 31
 34
 31
 22
 24
 23
 23
 33
 34
 33
 34
 35
 33
 33
 40
 42
 43
 29
 32
 31
 35
 41
 40
 41
 33
 33
 29
 30
 32
 43
 42
 33
 38
 37
 41
 41
 37
 47
 42
 35
 36
 37
 30
 32
 33
 43
 41
 32
 33
 37
 37
 36
 46
 43
 43
 33
 36
 36
 36
 31
 40
 40
 30
 31
 32
 30
 27
 28
 42
 44
 32
 36
 37
 39
 37
 40
 48
 49
 34
 34
 34
 31
 35
 34
 47
 45
 33
 38
 38
 35
 39
 37
 51
 53
 45
 44
 45
 42
 40
 42
 51
 54
 37
 39
 33
 33
 35
 37
 46
 47
 33
 32
 33
 32
 32
 31
 42
 41
 32
 35
 35
 34
 35
 34
 42
 43
 30
 31
 31
 31
 34
 31
 35
 29
 24
 24
 26
 35
 37
 33
 30
 32
 30
 31
 36
 44
 38
 33
 34
 35
 34
 36
 32
 46
 40
 31
 33
 33
 35
 31
 34
 44
 45
 30
 32
 33
 35
 35
 35
 47
 45
 31
 32
 32
 33
 33
 42
 42
 40
 29
 29
 32
 33
 30
 42
 43
 31
 33
 33
 33
 32
 31
 39
 40
 29
 29
 29
 27
 29
 27
 28
 29
 24
 35
 33
 34
 35
 35
 34
 36
 45
 43
 36
 32
 33
 34
 35
 33
 44
 39
 29
 31
 32
 30
 29
 32
 42
 41
 31
 31
 31
 33
 32
 32
 35
 33
 25
 25
 26
 29
 37
 33
 34
 37
 29
 31
 32
 33
 40
 36
 29
 34
 33
 31
 33
 33
 46
 45
 35
 34
 39
 36
 37
 37
 51
 50
 34
 35
 35
 36
 33
 31
 34
 36
 23
 24
 24
 26
 34
 34
 30
 31
 30
 31
 30
 30
 41
 35
 28
 30
 29
 32
 31
 31
 42
 41
 30
 33
 31
 33
 32
 31
 44
 43
 33
 34
 34
 31
 31
 31
 43
 44
 30
 31
 31
 32
 32
 33
 44
 43
 32
 34
 37
 37
 42
 44
 52
 48
 39
 44
 44
 43
 39
 36
 44
 42
 36
 37
 38
 36
 39
 36
 40
 37
 30
 33
 29
 41
 42
 38
 36
 37
 36
 35
 34
 41
 35
 32
 32
 33
 35
 35
 33
 45
 45
 32
 35
 34
 36
 36
 35
 47
 44
 32
 32
 38
 37
 37
 36
 46
 48
 39
 38
 39
 39
 42
 54
 54
 51
 39
 41
 34
 41
 39
 51
 49
 36
 35
 35
 36
 31
 43
 44
 43
 31
 31
 33
 32
 33
 49
 50
 37
 35
 35
 35
 38
 38
 37
 37
 24
 29
 30
 33
 30
 31
 32
 33
 30
 29
 31
 33
 35
 37
 35
 34
 37
 48
 44
 45
 46
 37
 36
 32
 28
 41
 43
 33
 36
 37
 32
 31
 34
 42
 42
 29
 43
 44
 39
 39
 41
 44
 44
 37
 47
 48
 33
 36
 37
 39
 39
 35
 39
 40
 30
 29
 29
 36
 35
 32
 29
 30
 30
 25
 25
 35
 38
 27
 29
 31
 43
 40
 39
 39
 40
 39
 34
 38
 44
 46
 33
 34
 34
 31
 33
 35
 44
 42
 33
 32
 35
 34
 36
 49
 49
 42
 36
 36
 38
 39
 36
 48
 45
 31
 33
 32
 48
 53
 54
 64
 66
 52
 57
 58
 32
 45
 45
 46
 47
 37
 37
 40
 37
 47
 51
 37
 37
 36
 38
 32
 30
 33
 35
 25
 22
 24
 27
 26
 35
 34
 34
 32
 36
 35
 37
 45
 44
 45
 35
 35
 34
 34
 30
 39
 39
 28
 31
 30
 29
 29
 28
 32
 35
 24
 27
 25
 32
 33
 34
 37
 37
 33
 33
 32
 43
 45
 31
 32
 30
 33
 29
 27
 38
 39
 29
 30
 33
 34
 35
 41
 41
 38
 31
 33
 35
 33
 33
 41
 41
 28
 30
 32
 34
 32
 29
 42
 44
 31
 33
 32
 33
 33
 31
 44
 45
 33
 31
 34
 35
 37
 34
 44
 46
 35
 35
 35
 34
 33
 32
 37
 39
 28
 29
 34
 34
 35
 36
 38
 41
 41
 39
 39
 41
 36
 35
 38
 38
 43
 67
 59
 64
 59
 59
 63
 63
 62
 66
 62
 37
 40
 33
 34
 36
 35
 38
 38
 29
 33
 37
 38
 33
 42
 44
 41
 33
 34
 37
 36
 35
 43
 43
 33
 37
 36
 34
 36
 44
 47
 50
 36
 40
 43
 40
 43
 51
 51
 40
 39
 34
 34
 33
 43
 44
 44
 38
 39
 33
 36
 36
 46
 42
 34
 37
 27
 29
 30
 30
 45
 38
 30
 34
 34
 32
 34
 42
 42
 42
 29
 33
 45
 41
 35
 36
 35
 39
 38
 37
 50
 43
 35
 36
 43
 41
 42
 39
 49
 50
 39
 36
 37
 37
 28
 26
 40
 44
 32
 31
 31
 36
 37
 49
 50
 45
 39
 37
 36
 39
 41
 47
 45
 35
 37
 40
 35
 34
 35
 47
 45
 36
 42
 42
 43
 37
 38
 48
 51
 40
 42
 40
 37
 36
 33
 44
 47
 40
 37
 36
 32
 36
 37
 47
 50
 41
 41
 41
 41
 43
 43
 56
 56
 44
 46
 44
 45
 39
 37
 50
 49
 36
 37
 40
 37
 38
 37
 50
 53
 38
 41
 40
 39
 35
 34
 54
 55
 42
 42
 43
 45
 46
 45
 54
 56
 37
 40
 41
 38
 38
 37
 45
 45
 31
 32
 34
 30
 31
 29
 42
 42
 35
 34
 41
 43
 42
 49
 53
 53
 39
 40
 41
 41
 36
 43
 40
 33
 30
 30
 31
 37
 37
 36
 40
 30
 31
 33
 34
 34
 35
 44
 38
 40
 35
 38
 36
 59
 57
 50
 50
 42
 47
 45
 47
 54
 55
 33
 33
 36
 36
 34
 31
 54
 48
 43
 45
 40
 43
 39
 45
 46
 45
 24
 23
 27
 34
 35
 33
 39
 35
 34
 36
 36
 39
 37
 29
 29
 30
 30
 30
 41
 40
 40
 35
 32
 31
 33
 35
 37
 39
 30
 30
 32
 32
 34
 30
 42
 38
 32
 31
 31
 34
 30
 32
 29
 32
 23
 25
 24
 31
 31
 27
 33
 41
 42
 35
 36
 36
 36
 32
 33
 42
 36
 29
 30
 35
 33
 40
 42
 44
 40
 38
 34
 37
 339
 329
 333
 328
 329
 326
 327
 326
 360
 360
 62
 64
 61
 63
 63
 66
 85
 86
 57
 54
 67
 66
 63
 63
 75
 78
 56
 50
 52
 50
 31
 35
 56
 59
 45
 47
 45
 42
 43
 44
 59
 58
 40
 37
 40
 39
 36
 33
 44
 44
 33
 29
 29
 32
 32
 29
 41
 44
 32
 32
 31
 29
 31
 33
 43
 42
 31
 34
 30
 31
 32
 34
 44
 43
 33
 36
 35
 34
 34
 36
 48
 42
 34
 36
 36
 35
 50
 47
 49
 48
 36
 38
 38
 37
 50
 53
 41
 41
 42
 41
 42
 39
 53
 50
 39
 37
 41
 43
 44
 47
 44
 42
 35
 33
 45
 47
 38
 38
 41
 37
 41
 39
 52
 56
 42
 42
 40
 43
 42
 48
 49
 50
 41
 38
 32
 34
 33
 37
 38
 31
 33
 37
 33
 33
 37
 50
 52
 41
 40
 43
 42
 40
 40
 53
 50
 36
 37
 36
 37
 34
 37
 46
 47
 33
 34
 39
 35
 37
 34
 47
 45
 34
 32
 34
 33
 31
 40
 42
 42
 33
 34
 41
 40
 38
 49
 47
 38
 41
 42
 43
 41
 36
 54
 56
 46
 45
 47
 43
 43
 43
 52
 51
 32
 33
 34
 33
 35
 37
 45
 47
 36
 36
 41
 41
 41
 50
 52
 47
 42
 37
 38
 38
 35
 49
 49
 33
 32
 34
 32
 35
 35
 52
 56
 42
 41
 42
 44
 45
 48
 58
 57
 39
 36
 33
 36
 39
 54
 54
 52
 43
 43
 43
 44
 45
 55
 57
 46
 43
 38
 38
 41
 41
 49
 53
 39
 38
 33
 34
 36
 37
 49
 52
 40
 39
 39
 41
 40
 47
 53
 55
 44
 41
 40
 46
 47
 46
 58
 50
 42
 41
 34
 37
 36
 31
 42
 40
 37
 36
 38
 38
 38
 41
 40
 40
 30
 29
 24
 37
 38
 37
 43
 38
 41
 41
 48
 49
 40
 35
 39
 39
 37
 46
 43
 43
 39
 42
 43
 41
 43
 45
 42
 35
 36
 36
 37
 34
 45
 43
 36
 35
 37
 39
 39
 39
 48
 43
 35
 38
 39
 38
 36
 36
 40
 42
 35
 34
 37
 36
 29
 32
 30
 32
 23
 25
 28
 38
 37
 37
 42
 38
 40
 39
 36
 40
 38
 32
 28
 43
 39
 40
 41
 44
 43
 38
 52
 50
 50
 39
 37
 40
 37
 30
 34
 34
 21
 21
 22
 21
 37
 35
 36
 39
 42
 43
 40
 41
 53
 53
 36
 36
 40
 39
 46
 48
 48
 50
 38
 38
 39
 38
 52
 54
 42
 40
 41
 43
 43
 40
 51
 52
 36
 35
 39
 37
 38
 36
 46
 48
 38
 35
 38
 36
 36
 36
 45
 47
 37
 37
 34
 38
 38
 40
 47
 49
 41
 42
 38
 36
 38
 41
 49
 46
 38
 37
 31
 30
 34
 38
 47
 44
 35
 38
 39
 34
 41
 41
 47
 46
 34
 36
 35
 37
 45
 47
 40
 42
 33
 39
 43
 39
 42
 37
 32
 30
 30
 29
 41
 33
 33
 37
 37
 38
 38
 49
 50
 49
 37
 39
 38
 38
 40
 48
 50
 38
 37
 35
 37
 35
 39
 57
 51
 44
 43
 46
 44
 46
 47
 62
 59
 38
 39
 40
 41
 42
 41
 52
 52
 78
 82
 86
 83
 82
 83
 104
 105
 94
 52
 51
 49
 43
 45
 54
 57
 35
 37
 36
 35
 34
 38
 48
 46
 35
 35
 36
 37
 38
 41
 42
 40
 31
 30
 30
 26
 28
 25
 39
 31
 33
 34
 32
 31
 32
 35
 45
 44
 30
 31
 28
 31
 34
 33
 47
 44
 34
 36
 39
 44
 43
 42
 52
 50
 37
 37
 39
 34
 34
 28
 49
 46
 37
 40
 39
 41
 36
 45
 56
 57
 38
 38
 39
 40
 44
 41
 54
 42
 36
 36
 37
 39
 39
 38
 42
 43
 34
 32
 33
 32
 33
 31
 41
 38
 31
 35
 35
 37
 37
 37
 48
 43
 37
 38
 51
 52
 50
 50
 56
 58
 44
 44
 45
 42
 27
 38
 39
 42
 35
 33
 33
 35
 47
 48
 45
 35
 35
 37
 33
 35
 44
 45
 31
 31
 34
 29
 31
 31
 45
 38
 33
 52
 57
 61
 63
 68
 69
 70
 56
 57
 51
 32
 34
 31
 31
 24
 24
 27
 35
 38
 36
 38
 34
 30
 31
 28
 46
 45
 37
 35
 38
 33
 38
 43
 365
 368
 353
 356
 357
 357
 357
 360
 3134
 3136
 2815
 2817
 2808
 2809
 2810
 2804
 2833
 2837
 43
 46
 47
 51
 53
 50
 91
 96
 67
 67
 71
 70
 73
 65
 89
 94
 63
 56
 56
 59
 62
 57
 114
 117
 93
 96
 95
 87
 88
 91
 114
 115
 55
 51
 54
 55
 45
 47
 59
 64
 49
 43
 43
 42
 42
 38
 57
 52
 46
 53
 52
 52
 54
 54
 101
 103
 84
 82
 76
 70
 70
 72
 84
 86
 34
 32
 35
 34
 36
 35
 39
 39
 24
 24
 25
 26
 40
 41
 40
 43
 40
 39
 42
 43
 96
 97
 81
 77
 81
 80
 76
 77
 92
 92
 40
 48
 46
 48
 42
 42
 49
 49
 32
 34
 34
 40
 41
 39
 40
 40
 37
 39
 41
 48
 48
 35
 40
 41
 36
 38
 50
 47
 44
 40
 40
 37
 35
 35
 51
 48
 38
 41
 39
 37
 38
 40
 56
 53
 41
 41
 47
 46
 46
 42
 52
 53
 37
 39
 37
 35
 29
 32
 46
 47
 38
 36
 38
 35
 36
 35
 38
 35
 24
 23
 22
 24
 34
 35
 34
 35
 32
 34
 33
 36
 44
 43
 33
 35
 36
 38
 36
 35
 50
 51
 40
 41
 40
 42
 39
 35
 46
 48
 33
 35
 36
 34
 41
 43
 43
 46
 33
 34
 33
 32
 30
 32
 36
 30
 30
 29
 30
 28
 27
 27
 40
 40
 28
 31
 30
 28
 31
 31
 42
 42
 30
 31
 30
 30
 33
 32
 32
 33
 22
 24
 23
 31
 27
 36
 36
 36
 28
 30
 30
 32
 32
 30
 30
 23
 24
 24
 26
 31
 33
 33
 34
 31
 31
 32
 31
 31
 36
 26
 34
 33
 33
 31
 32
 33
 36
 35
 36
 37
 31
 34
 37
 34
 34
 32
 37
 40
 30
 31
 32
 31
 31
 31
 32
 36
 25
 27
 27
 34
 35
 38
 41
 45
 41
 37
 40
 47
 49
 38
 37
 35
 43
 36
 35
 33
 38
 30
 29
 27
 42
 43
 34
 36
 34
 35
 31
 32
 45
 45
 32
 32
 34
 32
 32
 32
 45
 45
 32
 33
 34
 33
 31
 34
 49
 51
 42
 42
 42
 53
 52
 51
 53
 43
 32
 31
 32
 44
 45
 33
 35
 37
 34
 40
 37
 50
 47
 38
 38
 45
 49
 47
 49
 54
 55
 41
 39
 44
 41
 36
 30
 42
 43
 33
 32
 31
 32
 33
 37
 42
 44
 32
 33
 34
 34
 34
 33
 38
 34
 27
 27
 36
 38
 34
 36
 38
 39
 36
 35
 45
 47
 37
 37
 36
 32
 31
 31
 41
 40
 29
 27
 28
 28
 35
 37
 37
 37
 24
 26
 34
 35
 34
 39
 32
 35
 35
 35
 46
 46
 36
 33
 32
 33
 35
 34
 47
 43
 37
 40
 41
 39
 35
 47
 47
 42
 33
 34
 36
 30
 29
 41
 43
 32
 33
 33
 36
 39
 36
 41
 43
 34
 35
 34
 34
 34
 32
 27
 27
 24
 23
 23
 26
 37
 36
 37
 37
 35
 37
 37
 38
 45
 45
 33
 30
 32
 34
 34
 35
 41
 44
 34
 36
 38
 42
 39
 41
 48
 43
 39
 37
 40
 39
 37
 38
 46
 43
 34
 37
 37
 36
 30
 29
 42
 41
 30
 29
 33
 29
 32
 37
 45
 47
 33
 36
 41
 46
 41
 44
 54
 51
 44
 44
 45
 41
 38
 39
 40
 38
 28
 29
 29
 31
 30
 31
 38
 32
 31
 31
 31
 33
 31
 34
 50
 50
 40
 39
 41
 41
 40
 40
 57
 58
 40
 43
 44
 44
 46
 41
 52
 52
 42
 46
 46
 42
 42
 41
 46
 47
 36
 37
 38
 35
 35
 38
 38
 38
 31
 31
 42
 39
 33
 31
 34
 34
 35
 32
 47
 45
 35
 35
 40
 38
 41
 44
 44
 44
 31
 31
 30
 34
 31
 42
 40
 39
 40
 40
 39
 42
 40
 49
 49
 39
 39
 36
 34
 37
 38
 46
 46
 34
 38
 32
 36
 35
 34
 57
 56
 53
 51
 53
 54
 56
 53
 64
 65
 39
 39
 37
 40
 40
 38
 53
 55
 50
 53
 54
 55
 49
 46
 189
 194
 172
 173
 173
 171
 168
 163
 219
 223
 82
 75
 78
 72
 73
 74
 90
 94
 41
 39
 39
 38
 35
 37
 53
 54
 37
 36
 37
 40
 38
 40
 52
 51
 37
 36
 40
 39
 39
 37
 47
 46
 34
 34
 35
 36
 29
 30
 43
 45
 33
 41
 38
 36
 37
 40
 40
 42
 29
 28
 30
 28
 30
 33
 46
 41
 42
 37
 38
 35
 38
 42
 42
 39
 27
 35
 40
 40
 37
 36
 45
 37
 38
 43
 44
 35
 32
 31
 41
 42
 34
 33
 37
 30
 29
 30
 37
 39
 29
 31
 32
 32
 30
 31
 33
 34
 29
 28
 36
 33
 28
 44
 43
 35
 35
 39
 42
 44
 36
 50
 53
 37
 38
 37
 37
 40
 39
 47
 50
 35
 37
 40
 39
 42
 41
 42
 44
 33
 33
 33
 32
 29
 31
 45
 44
 37
 36
 37
 30
 61
 67
 68
 73
 58
 59
 62
 61
 63
 29
 37
 38
 38
 36
 34
 37
 39
 41
 41
 42
 31
 34
 32
 30
 41
 36
 30
 32
 34
 32
 36
 43
 44
 44
 32
 31
 34
 32
 35
 35
 29
 22
 25
 26
 26
 25
 22
 33
 30
 33
 38
 38
 40
 45
 47
 48
 56
 45
 45
 39
 38
 51
 49
 44
 43
 44
 36
 47
 45
 44
 45
 30
 33
 34
 36
 50
 50
 37
 38
 38
 40
 42
 39
 47
 46
 29
 30
 32
 38
 37
 36
 45
 45
 35
 32
 37
 31
 35
 28
 44
 45
 34
 34
 37
 36
 37
 37
 41
 44
 28
 33
 33
 33
 39
 41
 36
 38
 33
 34
 36
 34
 45
 42
 34
 37
 40
 39
 37
 43
 42
 38
 29
 35
 36
 36
 31
 39
 42
 32
 35
 37
 38
 30
 37
 37
 37
 31
 28
 32
 32
 30
 38
 40
 31
 32
 33
 32
 37
 45
 48
 46
 38
 39
 38
 35
 36
 48
 47
 34
 32
 28
 28
 27
 38
 38
 34
 28
 27
 28
 26
 29
 37
 40
 34
 36
 34
 34
 35
 34
 47
 47
 34
 31
 35
 34
 40
 38
 44
 45
 32
 34
 31
 34
 36
 41
 35
 35
 31
 32
 34
 33
 40
 38
 35
 26
 25
 26
 25
 28
 30
 41
 34
 34
 34
 35
 37
 40
 51
 52
 46
 40
 38
 38
 39
 38
 43
 38
 31
 30
 23
 25
 27
 39
 37
 38
 31
 30
 32
 29
 45
 48
 47
 39
 36
 38
 38
 40
 47
 49
 32
 33
 34
 31
 30
 32
 38
 37
 26
 26
 28
 29
 38
 38
 39
 36
 32
 32
 32
 31
 33
 31
 21
 21
 27
 29
 28
 29
 31
 35
 29
 39
 42
 43
 32
 32
 35
 34
 34
 40
 43
 32
 33
 33
 33
 35
 32
 39
 39
 28
 27
 28
 31
 41
 40
 38
 39
 32
 30
 30
 30
 46
 44
 34
 37
 35
 38
 34
 35
 50
 52
 36
 41
 41
 39
 40
 42
 48
 47
 34
 33
 33
 23
 23
 27
 37
 27
 28
 29
 31
 31
 32
 31
 35
 29
 22
 33
 33
 34
 38
 36
 35
 45
 41
 41
 47
 39
 38
 39
 37
 38
 38
 29
 29
 31
 37
 33
 32
 32
 34
 35
 38
 36
 47
 49
 36
 38
 41
 42
 41
 45
 59
 61
 47
 49
 51
 50
 48
 49
 58
 59
 40
 37
 36
 44
 41
 44
 41
 39
 30
 30
 30
 35
 42
 30
 30
 30
 32
 33
 32
 28
 40
 38
 29
 30
 31
 33
 30
 34
 46
 47
 32
 33
 33
 38
 34
 33
 44
 42
 36
 37
 38
 34
 32
 41
 42
 41
 33
 38
 32
 34
 34
 40
 41
 28
 30
 30
 30
 33
 34
 30
 29
 25
 38
 39
 38
 39
 42
 32
 37
 39
 48
 49
 32
 32
 32
 32
 35
 34
 30
 30
 35
 34
 37
 36
 36
 37
 33
 33
 44
 45
 32
 33
 33
 33
 31
 42
 45
 47
 37
 36
 39
 37
 33
 43
 47
 39
 37
 34
 37
 36
 34
 51
 51
 39
 41
 40
 39
 39
 35
 50
 52
 35
 37
 38
 36
 38
 36
 44
 47
 33
 34
 33
 34
 39
 37
 39
 40
 39
 36
 43
 40
 42
 48
 39
 39
 33
 33
 33
 30
 28
 43
 45
 32
 34
 37
 35
 39
 39
 51
 49
 35
 34
 38
 39
 37
 41
 35
 38
 28
 24
 41
 42
 44
 47
 47
 44
 44
 42
 50
 52
 36
 39
 33
 30
 29
 36
 37
 40
 31
 43
 44
 41
 44
 41
 34
 44
 47
 39
 42
 31
 31
 33
 32
 45
 49
 39
 37
 38
 36
 34
 49
 51
 55
 41
 41
 39
 39
 37
 52
 53
 45
 43
 36
 36
 37
 38
 50
 51
 35
 37
 29
 31
 33
 37
 42
 43
 38
 36
 37
 34
 34
 32
 39
 39
 28
 33
 35
 37
 34
 34
 34
 36
 35
 35
 68
 60
 54
 53
 52
 58
 57
 55
 58
 59
 25
 27
 26
 35
 38
 34
 35
 38
 36
 36
 37
 38
 37
 29
 33
 32
 25
 35
 37
 37
 37
 35
 36
 34
 27
 38
 41
 31
 32
 36
 33
 33
 34
 41
 43
 32
 31
 32
 33
 32
 29
 36
 31
 24
 24
 39
 40
 42
 42
 41
 44
 42
 37
 51
 53
 37
 36
 40
 40
 40
 36
 47
 47
 32
 33
 34
 38
 34
 35
 39
 41
 35
 39
 41
 37
 36
 32
 50
 51
 40
 41
 43
 42
 39
 42
 51
 53
 33
 35
 41
 36
 38
 40
 37
 34
 25
 28
 29
 29
 23
 26
 29
 34
 37
 37
 41
 40
 43
 42
 45
 53
 45
 37
 37
 36
 35
 34
 44
 46
 41
 35
 35
 37
 42
 44
 44
 41
 24
 28
 29
 31
 30
 31
 32
 29
 28
 39
 40
 35
 35
 30
 30
 32
 26
 40
 41
 33
 32
 33
 40
 40
 45
 44
 40
 28
 29
 30
 26
 27
 25
 37
 31
 32
 35
 34
 38
 35
 36
 49
 49
 35
 34
 35
 31
 36
 37
 47
 44
 33
 33
 36
 37
 35
 36
 43
 45
 34
 35
 35
 36
 44
 45
 38
 38
 32
 33
 33
 30
 32
 31
 22
 23
 22
 25
 45
 45
 45
 47
 44
 46
 48
 50
 57
 55
 34
 30
 35
 37
 34
 29
 42
 45
 38
 39
 42
 42
 35
 34
 45
 47
 32
 31
 33
 31
 32
 32
 40
 42
 33
 32
 32
 36
 31
 34
 43
 45
 33
 35
 35
 31
 35
 38
 46
 41
 35
 32
 38
 38
 39
 40
 30
 31
 28
 27
 28
 30
 38
 37
 37
 35
 38
 36
 36
 36
 47
 47
 33
 32
 38
 41
 34
 35
 45
 40
 33
 32
 35
 39
 34
 34
 38
 38
 29
 29
 36
 35
 32
 29
 34
 32
 29
 40
 38
 39
 29
 32
 33
 36
 29
 33
 36
 29
 34
 34
 43
 39
 39
 40
 45
 42
 42
 34
 39
 41
 38
 38
 39
 38
 30
 47
 45
 47
 40
 44
 49
 44
 43
 48
 48
 34
 35
 36
 32
 38
 29
 31
 32
 26
 27
 28
 30
 28
 30
 19
 36
 37
 37
 39
 35
 37
 55
 61
 67
 68
 53
 64
 64
 63
 62
 47
 47
 39
 34
 36
 37
 32
 32
 34
 34
 28
 37
 40
 31
 31
 33
 34
 34
 42
 37
 38
 36
 38
 38
 35
 33
 37
 34
 27
 28
 27
 42
 44
 43
 48
 51
 45
 55
 57
 56
 57
 37
 37
 37
 37
 43
 44
 31
 33
 35
 35
 32
 32
 39
 39
 32
 32
 34
 33
 30
 32
 42
 43
 34
 31
 28
 32
 28
 28
 38
 39
 28
 33
 38
 38
 38
 34
 36
 35
 28
 28
 30
 29
 25
 26
 26
 28
 25
 36
 36
 33
 32
 36
 35
 38
 37
 39
 39
 28
 29
 29
 31
 32
 37
 34
 36
 35
 35
 36
 34
 38
 38
 34
 33
 31
 30
 33
 32
 34
 35
 34
 33
 32
 32
 34
 42
 40
 41
 36
 38
 37
 35
 39
 50
 45
 41
 42
 35
 36
 39
 42
 44
 41
 34
 35
 34
 40
 36
 42
 40
 40
 36
 39
 41
 42
 37
 37
 35
 32
 32
 33
 36
 29
 28
 27
 26
 28
 24
 28
 29
 30
 28
 30
 27
 30
 35
 33
 35
 37
 36
 36
 36
 35
 35
 32
 30
 32
 36
 34
 35
 42
 42
 39
 39
 39
 39
 54
 46
 48
 47
 38
 39
 40
 40
 65
 61
 43
 44
 48
 46
 46
 46
 58
 60
 37
 38
 38
 40
 35
 54
 51
 55
 42
 42
 41
 38
 43
 46
 45
 30
 30
 28
 30
 30
 30
 38
 28
 28
 31
 30
 33
 32
 29
 44
 46
 42
 40
 42
 41
 39
 40
 53
 53
 37
 38
 33
 33
 35
 36
 46
 45
 36
 36
 37
 34
 32
 33
 42
 42
 31
 33
 38
 40
 39
 41
 41
 41
 32
 34
 44
 44
 32
 34
 38
 32
 34
 33
 49
 47
 37
 36
 37
 39
 37
 38
 48
 49
 37
 38
 38
 39
 38
 47
 42
 43
 32
 34
 37
 34
 36
 49
 51
 42
 42
 42
 48
 46
 44
 52
 51
 37
 39
 34
 33
 34
 33
 45
 46
 32
 36
 36
 34
 34
 49
 51
 48
 34
 37
 36
 34
 34
 46
 47
 32
 38
 36
 37
 35
 47
 46
 47
 35
 35
 38
 36
 36
 50
 50
 39
 35
 34
 37
 39
 40
 1774
 1777
 1765
 1765
 1768
 1770
 1771
 1767
 1778
 1778
 35
 33
 35
 35
 35
 35
 37
 31
 24
 26
 25
 27
 25
 27
 26
 25
 22
 25
 23
 29
 29
 28
 26
 25
 24
 27
 38
 35
 35
 27
 27
 31
 31
 33
 44
 40
 30
 32
 31
 31
 31
 37
 39
 35
 27
 29
 28
 30
 40
 41
 39
 30
 31
 36
 41
 39
 42
 38
 31
 31
 28
 45
 44
 39
 33
 37
 34
 37
 39
 49
 51
 34
 37
 38
 39
 37
 36
 49
 44
 35
 36
 38
 37
 35
 35
 46
 48
 35
 34
 38
 36
 36
 35
 39
 39
 29
 33
 32
 32
 30
 31
 28
 28
 25
 25
 21
 28
 30
 28
 31
 28
 38
 38
 38
 38
 43
 33
 37
 41
 36
 37
 29
 27
 30
 30
 36
 35
 33
 27
 28
 31
 29
 31
 36
 37
 28
 27
 32
 32
 35
 34
 44
 41
 39
 36
 36
 36
 39
 44
 36
 36
 32
 30
 27
 32
 31
 37
 35
 26
 27
 28
 27
 26
 34
 30
 34
 30
 36
 38
 38
 39
 37
 38
 33
 38
 37
 34
 29
 30
 29
 32
 31
 45
 44
 40
 39
 41
 39
 39
 43
 49
 50
 40
 40
 34
 34
 35
 39
 43
 39
 32
 33
 26
 26
 29
 29
 38
 34
 28
 33
 33
 33
 32
 39
 41
 41
 36
 36
 28
 27
 26
 43
 44
 39
 33
 37
 37
 37
 36
 49
 50
 34
 40
 38
 40
 36
 44
 44
 43
 35
 34
 35
 32
 33
 46
 42
 39
 38
 39
 34
 38
 41
 41
 43
 34
 34
 33
 36
 36
 42
 40
 28
 29
 29
 30
 39
 38
 33
 34
 31
 35
 34
 31
 43
 43
 37
 36
 36
 38
 36
 32
 38
 39
 30
 41
 39
 36
 38
 36
 38
 40
 34
 35
 35
 25
 27
 26
 37
 39
 37
 32
 34
 32
 35
 35
 44
 45
 32
 32
 33
 34
 34
 36
 43
 47
 36
 36
 37
 39
 40
 37
 44
 42
 34
 30
 31
 33
 31
 25
 35
 38
 29
 32
 31
 31
 33
 29
 40
 42
 33
 32
 35
 34
 33
 43
 42
 42
 31
 33
 31
 32
 31
 45
 47
 39
 43
 43
 43
 41
 42
 46
 47
 30
 31
 36
 29
 31
 35
 33
 35
 28
 28
 29
 38
 32
 32
 33
 27
 28
 30
 34
 32
 30
 23
 37
 39
 37
 40
 38
 39
 35
 37
 50
 52
 37
 36
 32
 34
 34
 36
 51
 50
 35
 36
 38
 36
 38
 34
 47
 48
 31
 33
 32
 31
 30
 32
 37
 39
 29
 28
 29
 28
 34
 35
 42
 43
 34
 35
 38
 37
 38
 37
 36
 38
 30
 31
 34
 31
 29
 27
 39
 41
 32
 32
 37
 38
 36
 36
 45
 47
 40
 39
 38
 37
 34
 32
 36
 38
 30
 31
 25
 28
 34
 33
 38
 39
 32
 29
 32
 30
 31
 37
 30
 31
 28
 27
 25
 27
 34
 36
 33
 27
 28
 34
 34
 34
 47
 48
 41
 41
 40
 42
 41
 40
 43
 45
 35
 35
 36
 43
 41
 40
 42
 39
 33
 32
 31
 40
 40
 31
 32
 35
 33
 31
 32
 41
 40
 30
 31
 31
 27
 36
 35
 34
 34
 29
 28
 28
 31
 47
 49
 37
 39
 41
 44
 41
 44
 52
 46
 31
 31
 34
 39
 38
 35
 42
 43
 33
 36
 37
 34
 38
 29
 36
 38
 35
 35
 37
 37
 35
 36
 43
 45
 33
 38
 34
 35
 29
 32
 43
 44
 34
 34
 34
 30
 32
 42
 44
 42
 34
 32
 32
 32
 32
 40
 34
 28
 27
 30
 28
 28
 24
 38
 40
 32
 33
 33
 32
 32
 42
 39
 37
 31
 30
 32
 35
 39
 38
 37
 29
 27
 28
 30
 31
 41
 37
 31
 33
 32
 33
 35
 39
 39
 40
 30
 31
 32
 33
 35
 38
 32
 32
 32
 44
 40
 39
 58
 62
 64
 62
 65
 1622
 1625
 1615
 1592
 1593
 1594
 1593
 1593
 1596
 1587
 30
 28
 31
 29
 27
 28
 28
 32
 26
 28
 28
 33
 30
 30
 31
 32
 39
 36
 37
 38
 40
 40
 39
 39
 49
 49
 32
 32
 37
 35
 31
 32
 41
 42
 32
 30
 33
 36
 29
 30
 45
 42
 37
 35
 37
 37
 35
 35
 48
 48
 34
 36
 34
 34
 34
 35
 48
 47
 35
 38
 41
 37
 34
 38
 48
 48
 32
 33
 33
 32
 29
 28
 40
 34
 27
 28
 30
 29
 31
 33
 31
 33
 25
 25
 28
 31
 29
 26
 30
 33
 28
 22
 26
 26
 27
 27
 26
 38
 30
 31
 33
 32
 35
 38
 35
 38
 40
 29
 30
 29
 25
 26
 38
 37
 37
 30
 33
 33
 30
 31
 39
 39
 29
 24
 34
 34
 33
 36
 31
 31
 25
 28
 31
 30
 27
 25
 26
 24
 37
 38
 37
 35
 32
 33
 29
 33
 44
 46
 32
 32
 32
 30
 32
 31
 35
 31
 21
 20
 33
 31
 33
 31
 33
 33
 32
 32
 42
 45
 33
 34
 36
 39
 36
 35
 34
 37
 23
 22
 27
 28
 26
 29
 30
 30
 29
 29
 31
 33
 30
 41
 40
 29
 29
 33
 34
 35
 28
 38
 39
 30
 28
 30
 30
 33
 44
 40
 39
 33
 35
 35
 40
 39
 51
 49
 35
 36
 37
 37
 35
 36
 42
 37
 30
 36
 35
 36
 36
 40
 39
 36
 27
 30
 28
 24
 31
 33
 34
 29
 31
 30
 36
 43
 47
 48
 40
 37
 34
 41
 51
 51
 48
 37
 38
 34
 34
 39
 39
 31
 24
 25
 39
 39
 38
 41
 43
 40
 42
 43
 52
 53
 37
 38
 39
 36
 33
 34
 34
 36
 32
 34
 35
 35
 36
 39
 46
 45
 35
 35
 36
 36
 35
 34
 41
 38
 31
 30
 28
 30
 29
 30
 33
 34
 27
 25
 26
 26
 39
 38
 38
 38
 30
 33
 30
 31
 38
 39
 28
 29
 32
 30
 29
 30
 32
 33
 23
 25
 24
 25
 23
 22
 24
 24
 33
 31
 36
 34
 36
 42
 39
 42
 39
 36
 33
 35
 28
 33
 39
 32
 33
 31
 35
 41
 37
 35
 35
 34
 32
 31
 31
 31
 41
 35
 35
 35
 38
 36
 28
 30
 43
 44
 32
 32
 32
 30
 28
 29
 30
 29
 18
 21
 23
 21
 33
 34
 35
 34
 35
 36
 35
 32
 40
 42
 29
 32
 30
 36
 37
 36
 38
 39
 30
 29
 30
 28
 28
 34
 32
 32
 30
 34
 31
 30
 39
 40
 39
 30
 28
 28
 37
 35
 34
 35
 27
 28
 34
 35
 35
 38
 32
 29
 31
 35
 41
 37
 30
 29
 31
 31
 29
 32
 38
 37
 30
 31
 32
 31
 32
 34
 45
 42
 38
 40
 38
 36
 35
 38
 51
 45
 36
 36
 33
 38
 40
 37
 48
 47
 38
 37
 33
 34
 39
 35
 44
 46
 36
 35
 32
 31
 29
 31
 42
 43
 30
 30
 35
 34
 36
 42
 43
 40
 30
 29
 31
 34
 28
 36
 38
 30
 29
 31
 29
 31
 35
 40
 42
 32
 32
 32
 34
 36
 35
 36
 33
 26
 24
 26
 27
 25
 34
 28
 33
 35
 33
 34
 34
 37
 38
 45
 41
 40
 35
 34
 39
 46
 48
 36
 37
 31
 30
 30
 32
 41
 40
 32
 31
 34
 33
 40
 40
 48
 43
 35
 37
 33
 36
 36
 37
 36
 38
 31
 31
 34
 36
 35
 32
 33
 26
 21
 23
 20
 24
 23
 21
 20
 24
 21
 21
 24
 22
 24
 22
 31
 30
 31
 29
 31
 33
 33
 34
 37
 38
 30
 28
 30
 33
 33
 31
 96
 97
 87
 90
 91
 91
 93
 84
 99
 100
 34
 34
 39
 38
 36
 38
 40
 42
 29
 26
 34
 43
 43
 43
 43
 43
 39
 37
 37
 53
 49
 45
 44
 46
 43
 42
 43
 52
 52
 36
 36
 32
 32
 29
 30
 39
 35
 33
 31
 33
 31
 25
 27
 37
 41
 32
 32
 26
 30
 33
 31
 37
 32
 27
 27
 26
 29
 29
 27
 24
 27
 20
 31
 33
 28
 30
 29
 29
 34
 34
 34
 33
 22
 20
 30
 32
 30
 33
 28
 29
 26
 35
 37
 43
 35
 34
 36
 35
 35
 37
 37
 27
 25
 20
 22
 25
 24
 23
 23
 22
 27
 29
 30
 32
 33
 28
 29
 30
 40
 39
 28
 27
 29
 30
 26
 34
 35
 37
 29
 30
 30
 32
 43
 36
 37
 32
 33
 35
 33
 36
 36
 32
 26
 26
 27
 32
 34
 31
 31
 27
 28
 24
 24
 39
 36
 31
 31
 31
 43
 41
 41
 40
 45
 37
 40
 40
 51
 52
 36
 38
 34
 34
 29
 37
 43
 44
 34
 34
 36
 31
 33
 32
 42
 43
 32
 37
 31
 30
 33
 40
 41
 41
 31
 33
 34
 32
 33
 31
 43
 33
 33
 36
 37
 34
 34
 32
 43
 45
 31
 30
 33
 29
 28
 32
 43
 38
 30
 32
 34
 32
 35
 35
 46
 42
 29
 33
 35
 35
 33
 35
 46
 48
 37
 36
 37
 37
 37
 32
 49
 52
 37
 38
 39
 42
 42
 40
 48
 49
 31
 32
 34
 31
 33
 28
 38
 40
 29
 34
 40
 38
 37
 36
 36
 38
 27
 30
 31
 30
 28
 28
 28
 30
 32
 40
 41
 40
 35
 27
 29
 29
 29
 38
 39
 29
 31
 31
 28
 32
 31
 37
 38
 32
 31
 34
 34
 35
 43
 39
 38
 32
 32
 31
 28
 34
 42
 41
 30
 32
 33
 38
 36
 35
 49
 43
 36
 36
 39
 37
 39
 34
 43
 46
 33
 32
 35
 36
 33
 37
 43
 45
 33
 32
 30
 31
 30
 27
 38
 35
 28
 29
 29
 33
 31
 32
 32
 33
 24
 25
 27
 24
 33
 29
 30
 32
 34
 37
 36
 33
 43
 43
 33
 35
 32
 32
 34
 26
 29
 35
 29
 36
 37
 39
 37
 38
 37
 37
 34
 36
 32
 23
 28
 30
 32
 35
 33
 33
 35
 32
 32
 33
 31
 27
 25
 30
 32
 32
 33
 32
 32
 33
 29
 32
 34
 27
 28
 34
 32
 47
 50
 61
 60
 50
 52
 53
 54
 32
 32
 33
 32
 25
 25
 27
 28
 39
 38
 36
 34
 39
 38
 37
 46
 41
 38
 34
 35
 31
 34
 40
 39
 39
 32
 37
 36
 32
 35
 44
 44
 34
 32
 34
 34
 31
 35
 46
 42
 34
 34
 36
 39
 37
 38
 46
 38
 32
 32
 32
 36
 34
 31
 44
 45
 38
 37
 38
 36
 36
 42
 44
 45
 35
 33
 27
 30
 35
 36
 35
 27
 27
 36
 34
 35
 40
 39
 37
 38
 39
 39
 41
 29
 34
 35
 28
 35
 38
 32
 33
 33
 39
 39
 35
 30
 36
 40
 34
 33
 36
 40
 34
 32
 33
 37
 33
 23
 26
 32
 32
 30
 32
 41
 44
 42
 43
 41
 41
 34
 42
 42
 40
 29
 29
 27
 29
 37
 34
 34
 27
 27
 31
 31
 223
 222
 223
 213
 214
 216
 215
 212
 220
 222
 33
 33
 34
 33
 47
 43
 48
 50
 39
 42
 39
 38
 49
 51
 37
 39
 36
 35
 36
 34
 47
 43
 34
 33
 35
 35
 36
 33
 49
 50
 38
 39
 42
 42
 41
 39
 48
 49
 32
 36
 35
 35
 34
 28
 34
 34
 28
 26
 36
 71
 74
 69
 71
 72
 68
 66
 72
 87
 81
 42
 39
 42
 42
 44
 43
 56
 53
 37
 38
 40
 39
 35
 37
 48
 50
 41
 38
 40
 40
 39
 39
 41
 43
 38
 40
 35
 35
 38
 49
 47
 47
 45
 47
 39
 35
 36
 46
 39
 37
 36
 38
 35
 40
 38
 36
 36
 31
 35
 36
 38
 35
 37
 28
 32
 34
 36
 48
 41
 38
 38
 39
 37
 40
 37
 38
 41
 30
 39
 35
 35
 35
 37
 34
 33
 30
 38
 34
 29
 27
 27
 28
 28
 32
 32
 30
 21
 23
 23
 27
 28
 33
 32
 27
 27
 32
 43
 41
 39
 34
 33
 31
 30
 30
 43
 36
 29
 32
 34
 33
 34
 30
 45
 47
 35
 35
 41
 42
 39
 42
 52
 53
 36
 34
 36
 36
 33
 33
 32
 29
 22
 23
 23
 32
 33
 31
 34
 29
 30
 31
 41
 43
 39
 33
 33
 38
 36
 37
 49
 52
 38
 38
 42
 39
 40
 34
 49
 42
 34
 34
 36
 37
 32
 33
 46
 47
 34
 37
 37
 35
 39
 39
 45
 46
 35
 39
 44
 42
 43
 41
 41
 40
 31
 31
 29
 30
 32
 35
 31
 34
 30
 31
 34
 34
 42
 39
 29
 29
 29
 32
 32
 31
 34
 31
 27
 26
 26
 33
 34
 32
 34
 35
 33
 36
 34
 32
 44
 36
 34
 37
 34
 38
 36
 33
 43
 46
 35
 33
 33
 35
 38
 31
 43
 46
 38
 36
 36
 41
 41
 45
 43
 43
 31
 37
 33
 31
 33
 35
 35
 27
 26
 42
 44
 38
 41
 45
 43
 39
 38
 55
 57
 42
 43
 41
 40
 35
 32
 41
 43
 36
 35
 35
 34
 35
 46
 45
 45
 38
 40
 33
 37
 35
 37
 40
 31
 28
 28
 29
 40
 39
 33
 35
 34
 33
 33
 36
 43
 43
 33
 33
 30
 32
 37
 38
 47
 44
 37
 44
 44
 41
 41
 41
 46
 47
 38
 40
 39
 32
 32
 31
 37
 34
 24
 24
 24
 31
 27
 28
 30
 24
 23
 26
 29
 27
 33
 27
 35
 36
 30
 33
 34
 33
 34
 37
 38
 38
 28
 40
 40
 38
 37
 40
 40
 37
 32
 39
 42
 30
 29
 31
 32
 34
 31
 41
 44
 36
 31
 32
 34
 35
 35
 43
 42
 33
 29
 30
 32
 31
 45
 44
 42
 29
 31
 33
 39
 33
 41
 43
 31
 34
 35
 43
 44
 43
 39
 40
 34
 39
 44
 39
 36
 31
 29
 29
 37
 38
 37
 31
 31
 35
 37
 36
 41
 43
 33
 35
 31
 33
 29
 26
 35
 35
 28
 27
 28
 30
 31
 35
 37
 38
 32
 34
 33
 37
 36
 45
 46
 35
 33
 35
 34
 33
 36
 35
 36
 24
 25
 27
 35
 36
 33
 35
 32
 28
 33
 36
 41
 43
 31
 29
 37
 34
 43
 42
 42
 37
 34
 34
 35
 38
 28
 31
 26
 27
 31
 34
 30
 32
 33
 33
 34
 32
 41
 37
 31
 32
 34
 36
 33
 33
 41
 43
 33
 31
 33
 34
 35
 43
 45
 43
 35
 31
 32
 33
 34
 36
 27
 23
 55
 57
 52
 53
 58
 59
 57
 57
 59
 59
 25
 25
 28
 32
 27
 28
 23
 25
 27
 29
 26
 27
 35
 30
 29
 32
 32
 33
 24
 26
 40
 42
 32
 36
 36
 34
 34
 35
 46
 46
 34
 31
 36
 33
 34
 32
 42
 37
 30
 37
 39
 40
 36
 37
 47
 48
 44
 46
 46
 43
 39
 38
 48
 45
 38
 39
 34
 33
 34
 34
 43
 44
 33
 37
 34
 36
 35
 43
 45
 40
 35
 33
 38
 32
 35
 46
 48
 34
 36
 40
 38
 39
 45
 44
 41
 24
 25
 27
 28
 26
 25
 41
 33
 32
 32
 38
 39
 40
 41
 48
 49
 34
 39
 37
 39
 32
 33
 44
 46
 34
 35
 34
 28
 31
 34
 43
 46
 35
 33
 35
 36
 35
 35
 40
 36
 28
 31
 29
 28
 28
 32
 43
 40
 33
 33
 37
 37
 39
 39
 37
 32
 28
 29
 31
 31
 59
 58
 60
 60
 63
 60
 63
 61
 70
 72
 40
 41
 40
 41
 40
 41
 39
 32
 31
 30
 29
 31
 30
 39
 40
 40
 43
 44
 37
 38
 38
 42
 33
 29
 30
 32
 28
 29
 32
 30
 32
 31
 33
 35
 37
 35
 39
 40
 37
 39
 41
 43
 44
 41
 45
 42
 40
 43
 43
 46
 48
 40
 43
 44
 36
 37
 39
 37
 35
 28
 31
 31
 27
 27
 37
 35
 34
 31
 33
 40
 37
 36
 36
 33
 30
 32
 30
 33
 43
 35
 38
 39
 42
 42
 40
 39
 43
 43
 33
 33
 31
 31
 46
 45
 48
 50
 48
 49
 46
 48
 52
 51
 34
 34
 34
 34
 32
 31
 36
 33
 31
 28
 29
 39
 37
 37
 38
 39
 31
 30
 30
 43
 43
 31
 32
 32
 30
 35
 36
 38
 37
 32
 33
 32
 30
 45
 40
 31
 65
 67
 72
 71
 78
 78
 80
 66
 69
 37
 49
 48
 48
 45
 44
 43
 40
 42
 60
 61
 47
 47
 48
 44
 43
 43
 45
 42
 24
 24
 24
 34
 30
 30
 30
 42
 37
 38
 40
 41
 43
 34
 31
 39
 40
 31
 31
 33
 43
 43
 38
 42
 41
 43
 45
 42
 39
 42
 35
 38
 50
 49
 48
 40
 39
 39
 56
 61
 62
 58
 49
 49
 47
 59
 62
 63
 37
 38
 37
 36
 34
 44
 46
 34
 35
 37
 39
 35
 35
 47
 51
 35
 34
 36
 38
 40
 35
 37
 35
 26
 24
 25
 25
 28
 36
 34
 33
 33
 34
 35
 35
 44
 47
 44
 34
 35
 38
 35
 35
 44
 48
 33
 31
 30
 34
 32
 29
 40
 43
 39
 35
 36
 38
 39
 36
 42
 45
 35
 34
 28
 32
 38
 42
 42
 37
 36
 34
 36
 39
 43
 40
 46
 40
 38
 47
 40
 41
 40
 41
 42
 42
 34
 34
 39
 28
 30
 31
 39
 39
 27
 29
 30
 30
 35
 38
 35
 37
 32
 33
 31
 35
 43
 42
 31
 30
 31
 33
 34
 34
 36
 31
 27
 24
 28
 38
 39
 37
 40
 38
 33
 29
 40
 44
 42
 30
 27
 29
 29
 27
 46
 45
 38
 37
 37
 38
 42
 41
 54
 54
 35
 49
 51
 50
 49
 48
 58
 59
 47
 44
 48
 35
 38
 38
 49
 52
 42
 39
 42
 44
 42
 51
 50
 50
 37
 38
 31
 32
 34
 35
 29
 24
 33
 34
 35
 36
 39
 38
 35
 35
 40
 41
 35
 41
 41
 40
 37
 38
 39
 39
 36
 46
 38
 31
 31
 32
 32
 30
 31
 44
 44
 34
 35
 36
 50
 51
 51
 51
 53
 38
 41
 56
 43
 43
 36
 37
 43
 42
 42
 52
 54
 36
 36
 36
 39
 37
 35
 46
 40
 33
 35
 35
 36
 38
 35
 48
 47
 35
 35
 36
 38
 43
 40
 38
 43
 32
 32
 31
 36
 47
 46
 35
 36
 37
 38
 38
 38
 45
 40
 32
 32
 33
 32
 33
 30
 39
 42
 33
 31
 35
 35
 38
 36
 51
 51
 40
 37
 38
 41
 39
 40
 49
 50
 33
 32
 34
 35
 35
 32
 41
 42
 31
 33
 39
 44
 39
 42
 49
 51
 40
 40
 40
 41
 37
 32
 37
 32
 26
 26
 29
 39
 40
 32
 35
 39
 36
 36
 36
 44
 38
 33
 34
 33
 34
 37
 35
 35
 38
 27
 28
 30
 42
 42
 37
 36
 40
 36
 46
 45
 49
 45
 39
 36
 35
 36
 34
 36
 25
 26
 25
 21
 23
 35
 36
 35
 38
 40
 34
 37
 36
 41
 41
 30
 31
 30
 28
 35
 39
 36
 38
 33
 33
 36
 36
 37
 40
 40
 38
 39
 40
 40
 42
 35
 35
 48
 44
 34
 38
 43
 38
 41
 38
 49
 50
 42
 42
 42
 40
 38
 39
 51
 51
 40
 40
 37
 36
 38
 40
 46
 47
 32
 35
 34
 33
 35
 35
 45
 40
 31
 34
 32
 33
 39
 37
 45
 46
 37
 38
 37
 38
 38
 35
 44
 45
 36
 39
 44
 45
 45
 45
 53
 56
 36
 37
 37
 33
 28
 32
 40
 43
 34
 33
 31
 38
 41
 50
 44
 44
 35
 33
 33
 35
 35
 41
 38
 28
 32
 34
 36
 35
 39
 47
 49
 39
 39
 41
 39
 36
 37
 53
 51
 38
 38
 40
 36
 37
 41
 53
 54
 36
 33
 36
 38
 39
 37
 48
 44
 34
 36
 36
 39
 33
 48
 45
 48
 33
 35
 41
 37
 37
 48
 50
 36
 37
 35
 37
 40
 32
 40
 42
 28
 30
 33
 35
 43
 42
 38
 38
 33
 36
 39
 35
 46
 39
 34
 34
 41
 38
 40
 35
 43
 45
 31
 44
 44
 43
 39
 43
 40
 40
 35
 45
 44
 31
 33
 36
 36
 32
 32
 45
 42
 35
 34
 36
 39
 38
 33
 46
 46
 35
 39
 41
 41
 37
 36
 47
 49
 34
 34
 35
 34
 34
 31
 44
 41
 33
 36
 38
 38
 41
 36
 48
 50
 34
 37
 37
 37
 32
 35
 40
 42
 35
 35
 35
 33
 36
 35
 45
 45
 33
 34
 34
 30
 30
 34
 44
 37
 33
 33
 34
 32
 32
 42
 44
 41
 33
 35
 34
 35
 32
 41
 42
 32
 33
 36
 34
 33
 31
 38
 40
 29
 33
 32
 31
 31
 31
 39
 41
 32
 33
 33
 32
 30
 34
 36
 38
 30
 32
 32
 30
 29
 29
 45
 42
 34
 33
 34
 33
 35
 32
 53
 54
 38
 40
 43
 44
 44
 41
 51
 54
 41
 40
 42
 40
 37
 39
 45
 46
 34
 35
 28
 33
 31
 33
 39
 38
 31
 30
 42
 40
 41
 37
 41
 41
 34
 35
 46
 47
 33
 33
 33
 37
 31
 43
 45
 45
 37
 39
 38
 39
 38
 45
 47
 34
 37
 43
 41
 38
 39
 43
 42
 31
 36
 34
 39
 32
 32
 36
 35
 32
 42
 43
 37
 39
 32
 31
 32
 29
 40
 41
 29
 30
 32
 31
 32
 30
 41
 42
 33
 36
 35
 36
 35
 33
 46
 48
 33
 33
 34
 32
 34
 31
 42
 44
 31
 30
 30
 29
 38
 47
 44
 43
 37
 34
 35
 35
 35
 45
 34
 29
 30
 30
 25
 29
 40
 39
 40
 29
 32
 33
 33
 34
 37
 35
 26
 26
 27
 31
 27
 28
 36
 27
 28
 31
 29
 31
 30
 37
 37
 36
 30
 33
 31
 31
 40
 39
 41
 30
 30
 33
 31
 30
 41
 35
 32
 30
 31
 30
 33
 36
 47
 46
 34
 37
 35
 37
 35
 35
 45
 43
 30
 33
 35
 33
 40
 40
 39
 41
 30
 28
 30
 30
 42
 42
 33
 35
 37
 35
 39
 37
 48
 50
 35
 38
 39
 37
 34
 34
 46
 46
 35
 34
 37
 35
 35
 35
 47
 50
 34
 35
 41
 42
 40
 42
 41
 45
 31
 29
 29
 32
 24
 26
 38
 33
 34
 32
 34
 39
 40
 37
 46
 49
 35
 37
 36
 38
 36
 29
 44
 40
 35
 32
 34
 33
 31
 33
 45
 47
 31
 33
 32
 35
 34
 34
 54
 48
 41
 43
 43
 44
 47
 47
 48
 47
 27
 52
 54
 60
 59
 60
 66
 61
 62
 64
 36
 38
 50
 45
 42
 43
 38
 38
 54
 51
 51
 51
 40
 43
 39
 43
 48
 42
 30
 32
 37
 36
 34
 35
 50
 45
 39
 40
 40
 41
 33
 43
 53
 49
 38
 38
 42
 43
 41
 41
 56
 44
 38
 43
 40
 41
 36
 38
 52
 53
 36
 38
 38
 33
 35
 37
 55
 52
 40
 42
 40
 37
 39
 40
 55
 53
 36
 37
 39
 34
 36
 44
 48
 51
 34
 33
 34
 34
 34
 38
 49
 43
 36
 36
 36
 37
 37
 36
 49
 51
 35
 36
 37
 34
 34
 49
 52
 44
 38
 35
 37
 39
 40
 42
 39
 29
 27
 28
 24
 43
 40
 36
 40
 42
 42
 39
 38
 51
 52
 37
 37
 39
 40
 37
 40
 48
 48
 38
 39
 40
 39
 39
 36
 52
 54
 41
 43
 44
 44
 47
 46
 62
 59
 45
 44
 45
 45
 46
 44
 52
 55
 36
 34
 35
 38
 37
 38
 47
 50
 37
 36
 37
 38
 41
 40
 58
 61
 48
 46
 49
 49
 49
 55
 61
 54
 38
 40
 41
 35
 42
 43
 61
 53
 46
 46
 48
 50
 47
 47
 54
 50
 39
 42
 43
 43
 43
 41
 52
 54
 42
 38
 39
 39
 37
 39
 48
 46
 33
 36
 35
 36
 36
 35
 46
 47
 32
 35
 37
 37
 37
 43
 43
 42
 30
 29
 31
 38
 36
 32
 39
 35
 35
 38
 37
 34
 33
 23
 40
 44
 34
 35
 37
 38
 39
 42
 52
 54
 37
 35
 40
 42
 40
 43
 53
 48
 41
 43
 42
 42
 38
 39
 52
 44
 36
 41
 42
 39
 40
 37
 51
 52
 35
 39
 39
 37
 40
 40
 55
 52
 38
 39
 41
 40
 40
 41
 47
 44
 33
 34
 36
 34
 37
 45
 45
 44
 40
 36
 35
 34
 39
 50
 49
 31
 34
 37
 37
 36
 36
 48
 41
 34
 33
 33
 34
 33
 31
 49
 52
 38
 42
 42
 41
 44
 38
 52
 54
 34
 32
 33
 35
 36
 49
 46
 45
 35
 33
 32
 57
 59
 57
 52
 53
 53
 68
 69
 67
 67
 43
 43
 47
 47
 49
 45
 39
 37
 39
 41
 37
 39
 46
 46
 38
 40
 34
 36
 36
 37
 50
 51
 38
 42
 39
 39
 40
 41
 52
 49
 37
 36
 37
 47
 43
 38
 41
 42
 33
 30
 49
 51
 51
 38
 40
 39
 40
 42
 55
 57
 38
 36
 37
 40
 41
 41
 53
 56
 40
 38
 36
 36
 39
 38
 45
 48
 36
 37
 41
 39
 40
 56
 55
 59
 43
 44
 44
 40
 43
 61
 61
 46
 49
 37
 39
 42
 41
 52
 53
 39
 40
 40
 38
 38
 41
 56
 54
 43
 43
 38
 40
 40
 38
 48
 47
 33
 34
 39
 37
 37
 38
 57
 51
 46
 47
 50
 52
 43
 45
 61
 56
 38
 41
 40
 41
 36
 36
 50
 49
 33
 34
 37
 35
 35
 34
 51
 54
 39
 40
 42
 42
 43
 54
 56
 57
 42
 42
 43
 40
 36
 64
 64
 49
 51
 46
 50
 47
 50
 69
 71
 47
 50
 53
 52
 50
 56
 58
 57
 32
 46
 45
 45
 46
 43
 63
 50
 50
 52
 52
 50
 50
 46
 53
 56
 39
 35
 36
 32
 31
 31
 45
 47
 36
 33
 34
 36
 33
 34
 44
 48
 34
 33
 36
 37
 42
 38
 40
 41
 29
 25
 27
 42
 41
 41
 34
 34
 50
 50
 51
 54
 49
 38
 38
 36
 47
 53
 37
 41
 39
 33
 32
 35
 44
 46
 34
 29
 32
 28
 28
 27
 37
 38
 29
 31
 31
 31
 29
 31
 42
 43
 32
 31
 33
 35
 35
 37
 45
 46
 38
 36
 40
 39
 38
 42
 43
 42
 31
 36
 32
 33
 29
 32
 32
 28
 25
 24
 26
 27
 23
 26
 37
 34
 35
 36
 39
 38
 36
 37
 38
 37
 27
 28
 31
 32
 30
 32
 32
 27
 28
 27
 26
 33
 33
 26
 27
 27
 25
 30
 31
 29
 45
 40
 35
 35
 39
 40
 41
 40
 48
 49
 31
 31
 29
 30
 27
 27
 38
 37
 27
 26
 26
 25
 26
 31
 40
 43
 36
 35
 35
 35
 36
 37
 47
 43
 32
 32
 27
 29
 31
 32
 42
 40
 33
 30
 33
 29
 29
 31
 31
 25
 19
 22
 23
 33
 31
 36
 35
 38
 37
 43
 42
 43
 40
 30
 30
 25
 27
 27
 36
 29
 31
 31
 33
 31
 32
 33
 33
 34
 27
 26
 25
 23
 34
 32
 33
 35
 33
 32
 32
 32
 43
 45
 32
 35
 34
 39
 36
 38
 44
 42
 34
 32
 36
 36
 33
 30
 42
 39
 35
 40
 38
 41
 39
 38
 48
 43
 39
 43
 46
 38
 42
 42
 34
 35
 31
 31
 30
 36
 31
 33
 35
 35
 35
 34
 32
 43
 37
 30
 32
 31
 28
 29
 29
 36
 37
 27
 30
 30
 30
 29
 27
 36
 37
 30
 30
 30
 25
 38
 39
 36
 36
 32
 33
 32
 29
 41
 44
 31
 30
 33
 34
 32
 31
 37
 34
 24
 28
 28
 29
 37
 34
 40
 40
 35
 33
 36
 32
 43
 44
 38
 37
 32
 28
 33
 35
 35
 36
 26
 33
 33
 34
 37
 36
 31
 31
 29
 32
 41
 37
 32
 35
 33
 38
 37
 42
 38
 35
 27
 30
 37
 35
 39
 33
 34
 32
 32
 31
 32
 45
 38
 39
 35
 36
 35
 36
 36
 41
 42
 27
 28
 27
 28
 40
 41
 37
 36
 32
 34
 33
 31
 41
 40
 27
 29
 29
 27
 28
 29
 34
 34
 27
 25
 32
 33
 33
 32
 32
 33
 40
 40
 40
 42
 35
 31
 32
 32
 35
 37
 22
 24
 32
 31
 31
 33
 32
 32
 30
 31
 28
 30
 22
 22
 23
 20
 24
 24
 34
 31
 30
 29
 30
 32
 34
 35
 40
 40
 31
 29
 28
 28
 31
 32
 42
 39
 30
 33
 33
 34
 30
 30
 37
 39
 29
 32
 31
 29
 29
 29
 35
 36
 26
 27
 30
 35
 37
 35
 36
 37
 36
 33
 36
 41
 38
 33
 32
 35
 37
 35
 32
 32
 27
 24
 29
 29
 32
 36
 33
 30
 56
 59
 58
 58
 54
 65
 61
 56
 33
 31
 37
 36
 34
 50
 47
 38
 36
 40
 39
 40
 34
 43
 46
 28
 29
 30
 29
 27
 28
 36
 37
 28
 25
 28
 30
 29
 33
 57
 55
 50
 52
 51
 53
 54
 53
 61
 57
 32
 34
 34
 32
 31
 31
 32
 31
 24
 27
 27
 38
 32
 36
 35
 35
 34
 41
 42
 49
 56
 54
 51
 46
 47
 132
 136
 128
 124
 115
 111
 100
 103
 119
 122
 37
 35
 34
 37
 38
 36
 55
 54
 41
 43
 47
 42
 41
 43
 73
 75
 61
 63
 65
 58
 59
 57
 76
 74
 46
 45
 42
 50
 46
 51
 51
 50
 37
 34
 31
 46
 43
 34
 36
 29
 29
 29
 31
 44
 46
 32
 34
 37
 35
 35
 33
 49
 47
 37
 40
 41
 43
 38
 40
 50
 47
 35
 37
 40
 32
 31
 33
 415
 413
 409
 407
 406
 408
 403
 402
 1098
 1102
 723
 719
 716
 721
 726
 720
 734
 735
 41
 40
 37
 37
 38
 36
 44
 45
 37
 38
 37
 39
 39
 45
 46
 47
 32
 33
 32
 32
 36
 35
 44
 31
 32
 32
 36
 37
 32
 34
 43
 44
 32
 28
 34
 34
 34
 38
 47
 47
 37
 38
 35
 37
 31
 34
 32
 27
 19
 21
 21
 32
 35
 31
 32
 30
 33
 37
 42
 48
 50
 36
 36
 39
 37
 38
 49
 47
 44
 40
 38
 42
 38
 35
 46
 49
 38
 39
 30
 34
 34
 33
 45
 46
 35
 37
 35
 36
 36
 32
 42
 44
 36
 33
 37
 35
 34
 41
 53
 54
 44
 44
 37
 41
 41
 40
 42
 29
 24
 24
 23
 25
 33
 30
 29
 33
 31
 31
 32
 37
 44
 41
 35
 32
 35
 35
 35
 35
 45
 41
 33
 35
 36
 33
 37
 35
 44
 43
 30
 32
 31
 33
 28
 31
 38
 39
 33
 35
 39
 36
 38
 36
 40
 41
 26
 28
 28
 34
 30
 31
 33
 35
 33
 30
 32
 34
 35
 29
 28
 26
 30
 32
 33
 35
 32
 34
 31
 25
 35
 38
 32
 32
 33
 31
 32
 34
 31
 33
 25
 26
 22
 26
 31
 32
 33
 28
 27
 28
 35
 37
 38
 34
 30
 32
 29
 30
 43
 42
 37
 34
 37
 34
 36
 38
 47
 48
 38
 39
 35
 36
 37
 36
 50
 47
 38
 39
 36
 35
 32
 34
 43
 44
 30
 30
 30
 28
 28
 33
 34
 34
 24
 25
 25
 35
 34
 35
 34
 31
 30
 33
 32
 42
 42
 30
 31
 30
 27
 29
 31
 31
 29
 19
 22
 20
 21
 31
 35
 37
 34
 36
 40
 41
 46
 47
 46
 36
 34
 29
 29
 39
 34
 37
 35
 38
 39
 37
 37
 46
 46
 36
 37
 35
 35
 33
 34
 42
 43
 34
 35
 35
 34
 32
 29
 41
 34
 28
 32
 33
 31
 34
 35
 45
 45
 33
 33
 34
 40
 37
 39
 46
 48
 35
 37
 36
 36
 37
 30
 44
 40
 35
 37
 37
 34
 35
 31
 36
 38
 25
 29
 38
 36
 34
 32
 34
 36
 32
 33
 42
 36
 30
 31
 28
 30
 31
 27
 34
 35
 25
 39
 39
 37
 39
 35
 38
 39
 35
 46
 46
 35
 37
 38
 37
 41
 45
 45
 42
 33
 32
 31
 32
 37
 39
 36
 31
 35
 33
 34
 35
 42
 41
 33
 33
 33
 31
 35
 36
 42
 43
 32
 30
 31
 31
 33
 35
 42
 38
 31
 32
 33
 33
 31
 29
 31
 26
 19
 19
 21
 21
 30
 26
 27
 28
 27
 31
 33
 35
 44
 45
 34
 34
 35
 35
 35
 31
 37
 37
 25
 27
 30
 30
 27
 32
 32
 33
 21
 22
 26
 39
 34
 37
 38
 36
 36
 39
 40
 44
 39
 27
 28
 26
 28
 35
 35
 32
 33
 30
 31
 31
 30
 44
 40
 32
 33
 33
 34
 31
 34
 43
 44
 30
 32
 33
 33
 33
 33
 44
 38
 32
 33
 35
 40
 40
 39
 48
 49
 39
 39
 43
 41
 41
 34
 39
 40
 33
 34
 34
 31
 30
 30
 36
 38
 29
 31
 31
 32
 31
 30
 36
 31
 27
 27
 33
 31
 27
 28
 31
 32
 26
 38
 36
 36
 32
 34
 33
 34
 34
 35
 35
 25
 37
 38
 34
 34
 36
 36
 35
 35
 45
 42
 29
 31
 32
 32
 32
 32
 34
 31
 23
 27
 27
 24
 26
 27
 27
 23
 38
 37
 35
 35
 38
 39
 37
 40
 49
 48
 35
 33
 31
 34
 31
 36
 49
 46
 36
 35
 36
 34
 35
 37
 47
 44
 37
 41
 41
 40
 44
 43
 52
 48
 42
 41
 36
 31
 32
 32
 34
 35
 29
 31
 31
 32
 31
 45
 47
 46
 37
 40
 41
 40
 36
 46
 46
 34
 36
 37
 36
 35
 32
 42
 42
 32
 31
 31
 29
 28
 29
 38
 36
 26
 28
 31
 28
 31
 32
 42
 41
 29
 31
 32
 31
 28
 28
 35
 35
 29
 31
 30
 30
 38
 41
 40
 40
 32
 35
 37
 37
 37
 41
 30
 31
 31
 31
 30
 39
 38
 38
 37
 32
 29
 30
 33
 43
 43
 31
 32
 32
 33
 35
 35
 45
 39
 32
 34
 34
 33
 37
 37
 44
 39
 32
 32
 33
 31
 31
 32
 39
 36
 29
 32
 32
 32
 33
 33
 43
 43
 32
 31
 33
 33
 30
 47
 50
 50
 41
 43
 44
 45
 44
 54
 54
 37
 37
 39
 34
 33
 31
 44
 47
 38
 38
 38
 39
 38
 39
 431
 434
 419
 422
 420
 420
 421
 426
 436
 431
 38
 38
 38
 35
 36
 39
 117
 109
 102
 104
 108
 105
 106
 106
 117
 42
 35
 34
 36
 36
 32
 34
 45
 45
 32
 36
 35
 34
 34
 34
 45
 41
 33
 33
 35
 31
 33
 39
 42
 38
 30
 32
 33
 40
 38
 40
 36
 34
 33
 34
 32
 40
 41
 31
 32
 30
 31
 29
 30
 36
 37
 28
 28
 29
 29
 32
 28
 34
 36
 25
 27
 28
 30
 40
 37
 34
 37
 34
 30
 33
 32
 35
 30
 24
 23
 23
 40
 37
 37
 38
 65
 62
 63
 64
 92
 93
 74
 78
 78
 48
 45
 47
 1476
 1478
 1453
 1453
 1456
 1454
 1456
 1453
 1457
 1459
 30
 31
 30
 38
 34
 39
 37
 40
 37
 36
 45
 48
 43
 37
 36
 31
 31
 33
 36
 32
 25
 24
 23
 22
 32
 32
 32
 31
 31
 33
 32
 34
 44
 41
 34
 37
 39
 42
 39
 36
 47
 48
 39
 39
 39
 38
 37
 31
 35
 30
 23
 23
 25
 24
 35
 36
 35
 36
 34
 34
 35
 37
 42
 44
 33
 33
 33
 31
 34
 42
 39
 35
 28
 30
 30
 27
 28
 34
 33
 28
 29
 30
 32
 29
 29
 42
 43
 33
 35
 29
 30
 30
 30
 43
 41
 31
 29
 31
 29
 26
 29
 41
 43
 30
 32
 34
 34
 36
 36
 38
 33
 28
 26
 29
 26
 31
 33
 29
 32
 30
 31
 36
 37
 36
 36
 33
 32
 32
 30
 41
 43
 31
 33
 33
 36
 38
 46
 45
 44
 33
 32
 33
 31
 43
 41
 34
 30
 32
 33
 34
 38
 34
 36
 25
 27
 28
 28
 28
 27
 29
 24
 27
 36
 36
 32
 33
 30
 31
 33
 32
 43
 41
 32
 32
 33
 37
 36
 48
 44
 43
 35
 38
 37
 41
 52
 48
 47
 42
 42
 42
 47
 44
 51
 50
 38
 38
 38
 37
 33
 42
 35
 36
 32
 33
 33
 41
 41
 35
 36
 30
 32
 31
 42
 41
 41
 30
 30
 31
 31
 28
 37
 38
 28
 32
 33
 30
 33
 31
 36
 37
 27
 26
 28
 28
 27
 28
 30
 42
 40
 39
 39
 41
 44
 43
 39
 47
 48
 35
 35
 35
 36
 40
 37
 36
 37
 29
 27
 28
 27
 27
 37
 31
 32
 28
 31
 29
 34
 35
 48
 45
 36
 36
 38
 39
 40
 42
 36
 37
 30
 30
 31
 32
 33
 31
 40
 34
 34
 35
 31
 33
 34
 36
 44
 44
 34
 37
 37
 37
 39
 45
 44
 41
 30
 31
 31
 31
 35
 33
 30
 22
 23
 23
 26
 25
 27
 24
 19
 25
 30
 31
 30
 31
 31
 32
 28
 39
 39
 33
 29
 28
 28
 29
 30
 43
 45
 36
 40
 40
 40
 37
 40
 39
 40
 29
 27
 19
 28
 31
 32
 33
 32
 32
 30
 30
 40
 39
 30
 31
 31
 31
 27
 30
 40
 40
 32
 31
 33
 29
 30
 29
 40
 35
 29
 31
 30
 31
 29
 31
 40
 41
 30
 32
 36
 34
 34
 34
 36
 37
 25
 30
 31
 39
 35
 35
 35
 35
 33
 32
 34
 41
 39
 32
 34
 37
 36
 40
 34
 37
 40
 26
 25
 25
 27
 33
 34
 30
 33
 31
 30
 30
 39
 48
 46
 37
 39
 39
 34
 33
 44
 46
 38
 30
 32
 31
 33
 36
 37
 37
 26
 28
 29
 26
 34
 34
 34
 30
 31
 30
 32
 29
 30
 32
 23
 23
 26
 32
 34
 34
 35
 37
 34
 36
 35
 51
 46
 36
 38
 41
 37
 38
 38
 50
 50
 36
 35
 36
 37
 33
 36
 48
 48
 34
 34
 35
 33
 37
 35
 45
 43
 32
 32
 33
 32
 33
 32
 31
 33
 22
 23
 21
 24
 34
 34
 32
 33
 32
 30
 29
 31
 44
 43
 30
 35
 34
 36
 35
 36
 44
 37
 31
 30
 32
 27
 31
 28
 27
 28
 22
 24
 24
 35
 32
 33
 31
 33
 34
 36
 36
 47
 47
 34
 36
 36
 35
 35
 34
 42
 43
 31
 31
 31
 33
 34
 34
 46
 47
 35
 35
 35
 35
 38
 34
 35
 36
 25
 24
 27
 31
 29
 32
 31
 32
 27
 29
 26
 32
 32
 27
 27
 27
 25
 27
 37
 37
 37
 34
 36
 35
 37
 38
 50
 45
 38
 38
 40
 35
 31
 32
 33
 35
 23
 23
 24
 30
 28
 27
 30
 28
 33
 31
 33
 43
 42
 32
 35
 34
 36
 35
 36
 47
 46
 36
 37
 39
 36
 38
 37
 47
 47
 33
 33
 35
 33
 34
 33
 34
 28
 22
 27
 27
 29
 36
 35
 36
 36
 32
 33
 34
 31
 43
 38
 33
 36
 38
 36
 38
 38
 47
 43
 33
 35
 36
 35
 34
 35
 36
 32
 25
 24
 24
 24
 36
 36
 34
 35
 34
 33
 34
 29
 42
 44
 32
 33
 35
 31
 32
 36
 45
 46
 32
 34
 34
 33
 35
 45
 43
 38
 31
 30
 32
 31
 40
 44
 42
 35
 36
 36
 35
 33
 34
 40
 28
 29
 25
 26
 28
 30
 28
 33
 36
 24
 36
 37
 37
 39
 37
 38
 37
 33
 32
 32
 26
 27
 26
 32
 32
 33
 34
 33
 31
 35
 34
 42
 43
 32
 35
 36
 35
 36
 36
 42
 43
 38
 35
 34
 35
 35
 37
 47
 48
 32
 36
 35
 34
 34
 36
 42
 40
 32
 31
 32
 25
 30
 29
 33
 33
 26
 30
 38
 36
 35
 36
 37
 35
 33
 34
 35
 29
 24
 27
 28
 29
 35
 36
 36
 36
 33
 34
 33
 31
 41
 38
 30
 33
 37
 36
 36
 37
 39
 33
 28
 26
 29
 29
 24
 30
 31
 28
 29
 32
 28
 30
 37
 37
 38
 30
 30
 30
 30
 27
 39
 39
 29
 30
 31
 33
 32
 32
 31
 31
 21
 23
 24
 27
 36
 38
 36
 37
 35
 35
 36
 37
 42
 39
 27
 26
 28
 28
 38
 37
 36
 36
 26
 29
 34
 36
 38
 39
 31
 32
 31
 32
 36
 34
 30
 31
 27
 28
 29
 31
 29
 30
 24
 28
 28
 29
 32
 31
 27
 25
 31
 34
 42
 39
 38
 38
 35
 35
 36
 36
 37
 38
 30
 32
 34
 32
 33
 42
 37
 38
 32
 33
 33
 33
 30
 42
 37
 30
 34
 35
 33
 35
 38
 46
 46
 33
 35
 39
 38
 38
 41
 49
 43
 39
 40
 41
 42
 40
 44
 46
 42
 37
 40
 36
 34
 38
 37
 38
 31
 29
 32
 29
 36
 39
 38
 35
 35
 34
 31
 33
 43
 45
 34
 33
 33
 34
 35
 35
 45
 45
 30
 31
 31
 30
 31
 34
 39
 40
 33
 35
 35
 32
 33
 35
 41
 40
 28
 29
 30
 26
 27
 29
 39
 34
 27
 28
 27
 52
 52
 56
 59
 61
 54
 54
 57
 57
 1476
 1475
 1474
 1473
 1468
 1466
 1466
 1467
 1480
 1481
 40
 39
 41
 38
 37
 41
 51
 51
 35
 36
 36
 38
 32
 33
 46
 39
 32
 30
 30
 34
 32
 33
 43
 45
 32
 33
 35
 36
 33
 34
 43
 38
 30
 30
 32
 33
 31
 33
 43
 38
 31
 33
 33
 35
 33
 32
 36
 30
 23
 25
 28
 29
 39
 38
 37
 38
 34
 35
 36
 36
 48
 48
 35
 36
 36
 39
 42
 45
 45
 42
 29
 29
 35
 33
 36
 37
 34
 29
 31
 31
 34
 33
 30
 41
 36
 32
 32
 31
 31
 32
 30
 42
 41
 33
 36
 33
 34
 48
 50
 55
 55
 44
 49
 46
 48
 61
 61
 45
 47
 35
 38
 38
 34
 44
 43
 29
 33
 39
 38
 43
 40
 41
 37
 31
 29
 33
 41
 37
 35
 28
 29
 32
 31
 33
 40
 41
 33
 33
 35
 38
 37
 34
 31
 33
 25
 33
 29
 28
 30
 27
 28
 29
 29
 41
 41
 31
 32
 34
 33
 33
 37
 42
 45
 32
 33
 35
 35
 34
 32
 40
 37
 26
 27
 27
 29
 27
 30
 29
 33
 24
 34
 36
 33
 29
 31
 32
 30
 30
 31
 32
 23
 25
 24
 25
 33
 36
 35
 37
 35
 38
 37
 37
 42
 44
 32
 30
 33
 32
 31
 30
 41
 37
 32
 34
 37
 35
 31
 34
 32
 31
 24
 22
 24
 31
 28
 29
 32
 33
 38
 36
 36
 45
 45
 36
 35
 36
 34
 34
 30
 41
 38
 31
 32
 31
 32
 34
 37
 41
 43
 30
 31
 32
 30
 31
 32
 42
 38
 31
 33
 34
 35
 34
 34
 49
 50
 37
 33
 36
 33
 38
 38
 51
 53
 37
 39
 36
 36
 39
 43
 42
 43
 27
 29
 28
 26
 26
 29
 38
 30
 29
 32
 33
 30
 34
 35
 43
 41
 30
 31
 35
 35
 33
 33
 43
 40
 33
 33
 35
 38
 33
 31
 35
 37
 30
 32
 33
 30
 32
 30
 26
 33
 33
 35
 38
 38
 40
 42
 38
 38
 36
 29
 39
 42
 32
 31
 30
 28
 29
 39
 39
 39
 32
 30
 31
 32
 34
 44
 45
 38
 38
 40
 35
 37
 39
 48
 44
 34
 34
 29
 29
 29
 40
 40
 39
 32
 34
 35
 39
 37
 36
 39
 28
 30
 29
 41
 37
 35
 32
 30
 35
 35
 35
 42
 43
 31
 29
 32
 34
 35
 32
 28
 28
 23
 23
 22
 25
 25
 33
 35
 34
 28
 31
 32
 32
 34
 44
 46
 33
 37
 36
 36
 35
 33
 42
 45
 32
 29
 30
 29
 29
 30
 41
 40
 30
 28
 30
 29
 31
 32
 38
 41
 31
 32
 32
 33
 33
 45
 41
 40
 33
 33
 36
 36
 39
 37
 34
 25
 25
 31
 31
 30
 27
 28
 26
 30
 29
 30
 32
 22
 23
 25
 28
 32
 32
 24
 28
 30
 28
 31
 29
 38
 37
 33
 35
 35
 34
 35
 35
 40
 42
 32
 31
 36
 32
 32
 29
 43
 41
 38
 39
 40
 39
 36
 38
 50
 51
 39
 39
 36
 34
 35
 35
 54
 51
 37
 38
 39
 41
 38
 37
 44
 45
 33
 32
 31
 31
 39
 36
 32
 33
 30
 26
 29
 39
 41
 36
 31
 29
 31
 35
 36
 36
 34
 28
 29
 30
 27
 27
 32
 33
 28
 29
 27
 32
 31
 32
 39
 40
 34
 28
 29
 28
 31
 27
 36
 37
 29
 28
 31
 31
 31
 34
 31
 33
 23
 25
 24
 33
 30
 32
 29
 29
 31
 31
 42
 41
 43
 33
 38
 35
 36
 33
 42
 43
 30
 31
 29
 29
 27
 27
 34
 36
 27
 27
 29
 31
 32
 31
 39
 39
 30
 31
 30
 30
 39
 38
 33
 36
 32
 31
 33
 31
 39
 32
 25
 29
 29
 36
 34
 35
 36
 41
 33
 33
 36
 42
 38
 31
 34
 38
 36
 30
 38
 40
 37
 31
 31
 31
 30
 23
 34
 36
 30
 29
 26
 30
 31
 31
 32
 34
 26
 30
 31
 29
 35
 34
 34
 37
 37
 35
 39
 33
 32
 37
 35
 35
 35
 29
 35
 35
 30
 31
 31
 25
 35
 38
 38
 35
 29
 30
 35
 34
 46
 44
 41
 39
 40
 42
 40
 42
 46
 46
 31
 36
 30
 34
 35
 36
 44
 41
 33
 32
 34
 32
 30
 36
 37
 31
 27
 34
 34
 34
 29
 32
 40
 34
 32
 35
 33
 28
 29
 30
 33
 30
 22
 25
 25
 21
 25
 35
 31
 31
 30
 30
 32
 30
 37
 43
 38
 28
 29
 32
 31
 33
 42
 42
 38
 35
 34
 36
 36
 34
 46
 45
 32
 33
 30
 36
 36
 36
 34
 37
 27
 24
 26
 29
 29
 31
 28
 32
 34
 35
 35
 36
 34
 35
 38
 32
 33
 29
 29
 29
 30
 35
 41
 28
 27
 27
 29
 38
 39
 35
 36
 37
 32
 31
 30
 41
 38
 30
 29
 27
 30
 29
 28
 38
 41
 32
 37
 37
 39
 39
 42
 43
 40
 31
 31
 33
 30
 31
 27
 37
 29
 30
 31
 32
 32
 30
 24
 33
 34
 25
 24
 27
 36
 37
 34
 38
 39
 30
 33
 39
 39
 37
 29
 31
 33
 27
 36
 37
 36
 32
 31
 35
 36
 29
 30
 30
 22
 23
 30
 30
 31
 33
 30
 31
 32
 31
 33
 32
 26
 36
 37
 30
 29
 32
 29
 29
 32
 34
 36
 27
 28
 26
 27
 28
 26
 28
 28
 28
 25
 40
 37
 39
 42
 42
 38
 39
 37
 43
 43
 27
 27
 26
 27
 34
 35
 37
 36
 30
 28
 27
 34
 35
 31
 26
 27
 35
 36
 34
 36
 36
 33
 31
 30
 32
 33
 22
 22
 23
 33
 33
 29
 31
 32
 31
 31
 31
 33
 32
 19
 23
 25
 22
 24
 26
 29
 24
 25
 27
 37
 36
 34
 37
 35
 31
 33
 35
 34
 31
 23
 22
 26
 24
 26
 28
 25
 23
 34
 30
 30
 32
 34
 37
 33
 31
 35
 33
 30
 35
 37
 36
 35
 34
 37
 37
 36
 45
 40
 37
 35
 37
 35
 33
 33
 42
 41
 32
 32
 28
 55
 57
 61
 79
 75
 66
 68
 66
 74
 47
 44
 58
 55
 39
 42
 47
 44
 46
 39
 45
 48
 33
 36
 33
 32
 35
 36
 38
 40
 32
 32
 32
 32
 42
 36
 31
 33
 33
 34
 34
 31
 43
 45
 34
 37
 39
 38
 35
 37
 48
 49
 37
 34
 37
 40
 35
 34
 45
 42
 30
 30
 30
 32
 30
 29
 41
 43
 32
 35
 38
 40
 38
 50
 53
 46
 39
 39
 39
 39
 33
 42
 44
 30
 28
 29
 31
 30
 33
 39
 42
 34
 33
 33
 36
 37
 49
 48
 44
 40
 40
 43
 42
 44
 53
 53
 44
 48
 47
 46
 42
 42
 53
 48
 40
 42
 35
 31
 32
 33
 38
 37
 29
 31
 39
 40
 39
 40
 41
 38
 50
 43
 44
 43
 38
 38
 38
 36
 45
 49
 32
 34
 33
 34
 33
 46
 46
 45
 39
 37
 37
 37
 40
 45
 45
 31
 33
 36
 34
 33
 33
 47
 40
 35
 37
 38
 36
 34
 33
 42
 43
 33
 34
 37
 37
 31
 30
 31
 32
 33
 33
 30
 29
 24
 26
 22
 20
 34
 36
 31
 31
 33
 37
 37
 38
 38
 53
 37
 36
 39
 40
 42
 37
 39
 49
 50
 35
 39
 39
 38
 35
 36
 44
 43
 33
 34
 34
 34
 32
 32
 46
 48
 38
 39
 36
 35
 37
 35
 34
 32
 16
 13
 18
 16
 17
 20
 29
 32
 32
 35
 37
 37
 37
 43
 50
 49
 37
 38
 40
 37
 37
 38
 47
 39
 33
 32
 35
 34
 34
 35
 40
 41
 33
 33
 34
 32
 30
 29
 41
 39
 32
 33
 36
 34
 38
 38
 51
 50
 39
 45
 40
 42
 38
 40
 44
 46
 33
 34
 33
 27
 30
 34
 34
 38
 28
 26
 28
 28
 25
 38
 39
 36
 36
 35
 32
 33
 37
 43
 45
 33
 33
 31
 29
 32
 37
 48
 45
 43
 41
 44
 39
 41
 41
 45
 45
 32
 32
 30
 32
 28
 33
 41
 43
 33
 34
 30
 32
 32
 27
 37
 35
 28
 26
 25
 26
 29
 29
 40
 41
 33
 32
 33
 34
 35
 38
 46
 41
 32
 35
 40
 44
 41
 41
 52
 50
 42
 41
 40
 40
 37
 32
 41
 44
 32
 34
 33
 33
 34
 43
 39
 40
 30
 30
 32
 31
 33
 39
 40
 29
 32
 42
 43
 40
 40
 42
 45
 36
 41
 50
 47
 42
 42
 44
 42
 41
 35
 47
 45
 35
 34
 32
 35
 35
 35
 38
 38
 27
 29
 32
 32
 44
 41
 36
 36
 41
 40
 42
 41
 49
 47
 37
 35
 39
 38
 34
 39
 47
 42
 35
 36
 35
 36
 33
 35
 49
 42
 34
 37
 37
 37
 36
 34
 42
 45
 34
 40
 39
 41
 39
 40
 42
 41
 32
 32
 34
 36
 37
 34
 35
 37
 35
 35
 41
 43
 29
 28
 27
 30
 27
 28
 38
 38
 31
 35
 36
 34
 37
 44
 45
 38
 30
 27
 29
 29
 28
 37
 39
 35
 35
 36
 35
 34
 38
 34
 35
 26
 26
 29
 30
 32
 31
 33
 28
 30
 35
 35
 37
 25
 27
 37
 39
 34
 35
 37
 31
 40
 46
 48
 50
 42
 43
 46
 43
 44
 43
 36
 25
 25
 29
 41
 38
 39
 35
 35
 37
 38
 38
 48
 45
 29
 32
 36
 37
 37
 37
 48
 46
 37
 37
 40
 40
 37
 39
 49
 46
 35
 35
 36
 35
 38
 37
 53
 51
 40
 38
 40
 39
 43
 41
 51
 51
 35
 38
 38
 36
 40
 39
 44
 46
 35
 37
 39
 36
 36
 39
 45
 46
 35
 34
 38
 36
 41
 44
 41
 38
 29
 31
 31
 34
 30
 33
 25
 24
 24
 26
 39
 42
 40
 37
 38
 37
 38
 37
 49
 48
 41
 37
 37
 39
 46
 47
 46
 47
 34
 34
 25
 28
 30
 39
 32
 31
 34
 27
 30
 32
 33
 40
 42
 38
 38
 40
 40
 42
 41
 49
 50
 37
 37
 33
 35
 36
 35
 42
 43
 35
 33
 35
 37
 37
 32
 41
 43
 30
 30
 33
 35
 34
 33
 45
 47
 37
 37
 35
 41
 46
 45
 56
 55
 40
 39
 36
 37
 36
 38
 44
 46
 36
 38
 39
 38
 42
 39
 50
 51
 37
 38
 38
 39
 38
 38
 47
 45
 37
 37
 36
 38
 38
 34
 43
 46
 33
 39
 39
 39
 36
 36
 41
 43
 35
 34
 34
 32
 32
 39
 37
 39
 29
 30
 30
 28
 33
 30
 34
 28
 27
 29
 27
 30
 30
 39
 34
 36
 31
 33
 33
 29
 31
 30
 29
 19
 22
 28
 29
 31
 31
 34
 32
 35
 43
 42
 41
 31
 31
 34
 30
 40
 42
 37
 30
 33
 30
 34
 34
 55
 58
 45
 47
 46
 50
 49
 45
 55
 57
 36
 34
 36
 36
 36
 41
 41
 41
 27
 30
 26
 34
 34
 36
 35
 28
 35
 40
 37
 34
 35
 28
 29
 43
 42
 46
 35
 35
 36
 38
 38
 45
 48
 31
 35
 35
 41
 37
 38
 44
 43
 37
 35
 37
 34
 33
 30
 38
 40
 30
 31
 31
 31
 29
 30
 40
 36
 33
 32
 34
 32
 32
 31
 31
 35
 27
 26
 28
 30
 28
 29
 33
 32
 31
 36
 33
 38
 34
 33
 33
 35
 41
 42
 42
 32
 34
 32
 36
 40
 44
 45
 37
 37
 39
 40
 44
 40
 41
 36
 33
 30
 35
 35
 39
 38
 30
 30
 31
 31
 31
 33
 30
 37
 33
 32
 31
 28
 30
 29
 33
 39
 35
 36
 34
 35
 37
 37
 40
 39
 34
 29
 29
 22
 24
 35
 37
 39
 32
 32
 34
 36
 36
 49
 46
 34
 34
 35
 35
 37
 36
 43
 44
 31
 37
 36
 36
 32
 40
 35
 36
 35
 36
 36
 31
 32
 40
 38
 37
 35
 36
 32
 27
 27
 29
 31
 27
 33
 27
 28
 28
 29
 29
 30
 32
 34
 29
 26
 31
 40
 38
 38
 38
 45
 41
 38
 38
 49
 41
 34
 34
 37
 35
 32
 34
 45
 45
 32
 33
 35
 32
 31
 35
 43
 42
 31
 31
 30
 34
 36
 36
 37
 36
 26
 28
 29
 39
 40
 35
 35
 37
 34
 34
 55
 53
 57
 45
 44
 46
 60
 59
 34
 32
 35
 38
 37
 48
 49
 47
 32
 33
 35
 36
 38
 41
 41
 33
 36
 36
 35
 36
 44
 43
 41
 33
 34
 34
 28
 28
 44
 44
 35
 37
 35
 34
 36
 35
 48
 47
 33
 39
 38
 36
 35
 39
 48
 48
 35
 32
 35
 32
 35
 34
 40
 39
 31
 31
 40
 39
 35
 36
 36
 35
 34
 31
 43
 42
 40
 40
 38
 35
 36
 38
 45
 47
 35
 35
 29
 30
 28
 31
 34
 32
 25
 22
 37
 35
 37
 39
 36
 39
 35
 42
 52
 53
 39
 41
 39
 39
 38
 38
 49
 44
 32
 33
 33
 30
 32
 27
 38
 40
 29
 31
 33
 35
 34
 42
 42
 42
 29
 31
 31
 32
 31
 45
 44
 34
 34
 37
 39
 38
 40
 47
 46
 31
 33
 33
 34
 33
 41
 41
 38
 31
 36
 36
 33
 34
 41
 41
 31
 32
 35
 34
 28
 28
 28
 30
 29
 28
 29
 24
 25
 27
 24
 23
 37
 38
 34
 34
 37
 37
 39
 36
 45
 46
 33
 30
 31
 36
 33
 33
 43
 43
 37
 45
 45
 44
 46
 42
 53
 56
 47
 47
 44
 41
 39
 39
 52
 54
 44
 46
 44
 43
 43
 43
 50
 52
 35
 34
 36
 35
 31
 32
 35
 36
 27
 26
 28
 29
 39
 35
 34
 37
 33
 35
 37
 35
 47
 46
 33
 32
 32
 36
 37
 47
 45
 45
 33
 30
 34
 31
 36
 35
 38
 28
 25
 25
 27
 34
 40
 41
 40
 38
 38
 38
 41
 42
 41
 40
 32
 35
 31
 33
 35
 41
 39
 36
 38
 38
 38
 36
 34
 37
 40
 30
 33
 33
 32
 39
 41
 48
 46
 42
 43
 43
 44
 53
 48
 38
 39
 31
 33
 33
 28
 39
 41
 31
 36
 36
 35
 36
 34
 45
 43
 40
 39
 40
 35
 33
 45
 47
 42
 35
 35
 29
 28
 44
 44
 44
 36
 32
 34
 35
 33
 44
 46
 30
 35
 36
 35
 36
 46
 47
 46
 38
 39
 38
 36
 33
 41
 42
 28
 28
 29
 30
 38
 40
 40
 42
 35
 35
 35
 34
 37
 37
 26
 27
 27
 24
 22
 35
 36
 34
 35
 32
 30
 33
 33
 129
 131
 125
 128
 127
 126
 124
 121
 131
 134
 33
 34
 34
 32
 33
 28
 32
 36
 28
 28
 27
 23
 37
 32
 31
 31
 35
 37
 31
 32
 43
 43
 32
 33
 35
 38
 34
 38
 40
 39
 28
 30
 28
 31
 29
 35
 37
 32
 31
 29
 31
 35
 35
 41
 44
 32
 32
 32
 32
 31
 34
 34
 32
 24
 21
 24
 30
 31
 30
 33
 32
 30
 33
 39
 39
 38
 31
 35
 36
 33
 42
 42
 35
 32
 34
 35
 38
 33
 43
 44
 34
 34
 35
 33
 32
 45
 41
 42
 31
 36
 35
 33
 35
 48
 48
 33
 31
 33
 36
 30
 34
 43
 44
 32
 34
 33
 34
 32
 36
 44
 47
 36
 39
 40
 38
 45
 43
 51
 42
 35
 34
 36
 34
 34
 43
 35
 35
 31
 29
 32
 32
 34
 39
 40
 31
 31
 34
 32
 34
 45
 46
 42
 37
 39
 44
 45
 42
 48
 48
 33
 34
 34
 35
 34
 41
 37
 38
 34
 35
 38
 34
 36
 43
 39
 32
 31
 33
 33
 34
 31
 43
 43
 33
 33
 33
 35
 32
 36
 46
 47
 36
 42
 42
 42
 40
 40
 51
 49
 37
 36
 39
 32
 32
 31
 43
 44
 37
 37
 38
 39
 37
 38
 45
 47
 36
 38
 30
 32
 31
 35
 46
 43
 36
 34
 35
 38
 37
 35
 47
 47
 32
 31
 32
 32
 38
 39
 46
 46
 36
 32
 35
 34
 37
 40
 44
 42
 37
 38
 37
 36
 30
 30
 30
 29
 20
 21
 19
 19
 28
 28
 28
 29
 32
 32
 35
 35
 36
 30
 24
 23
 26
 25
 23
 26
 26
 28
 29
 31
 32
 35
 32
 30
 43
 40
 33
 32
 33
 33
 34
 29
 42
 45
 38
 36
 35
 34
 37
 40
 43
 47
 31
 34
 29
 29
 30
 35
 34
 35
 30
 28
 31
 31
 28
 40
 40
 37
 31
 32
 31
 33
 32
 34
 35
 25
 30
 30
 26
 38
 39
 39
 38
 34
 30
 32
 34
 40
 42
 30
 30
 34
 32
 33
 31
 40
 37
 31
 33
 34
 34
 41
 40
 41
 47
 37
 37
 35
 38
 42
 43
 31
 33
 36
 33
 35
 33
 36
 30
 24
 25
 26
 23
 30
 29
 29
 30
 27
 29
 22
 23
 35
 37
 30
 27
 28
 30
 30
 32
 40
 40
 31
 37
 33
 36
 35
 35
 42
 40
 33
 34
 33
 27
 26
 26
 33
 35
 28
 29
 32
 29
 30
 31
 40
 44
 33
 34
 34
 34
 33
 36
 37
 36
 27
 27
 32
 37
 35
 35
 38
 35
 34
 43
 44
 43
 38
 30
 31
 34
 31
 44
 44
 38
 38
 39
 40
 41
 42
 46
 47
 34
 35
 30
 33
 33
 35
 39
 38
 31
 32
 33
 30
 28
 36
 37
 34
 30
 32
 31
 26
 31
 40
 42
 30
 30
 33
 33
 30
 31
 41
 37
 36
 34
 35
 34
 36
 37
 44
 44
 36
 34
 30
 28
 32
 45
 39
 39
 35
 36
 36
 36
 41
 49
 49
 33
 33
 35
 33
 31
 33
 41
 37
 30
 29
 30
 29
 29
 35
 37
 37
 29
 28
 28
 32
 35
 37
 33
 29
 28
 23
 28
 38
 39
 38
 35
 35
 38
 38
 44
 45
 39
 26
 30
 33
 31
 29
 37
 37
 28
 28
 30
 32
 31
 27
 29
 25
 21
 20
 21
 22
 30
 27
 27
 29
 27
 29
 27
 33
 43
 44
 36
 37
 39
 38
 41
 36
 44
 38
 29
 31
 24
 35
 36
 36
 33
 35
 28
 27
 37
 32
 33
 29
 28
 28
 31
 35
 38
 38
 30
 33
 33
 32
 33
 43
 40
 39
 33
 35
 37
 29
 28
 42
 42
 33
 33
 34
 32
 36
 30
 44
 46
 33
 35
 33
 36
 34
 36
 42
 42
 28
 27
 29
 28
 32
 29
 40
 39
 29
 34
 34
 31
 32
 33
 39
 39
 32
 31
 34
 32
 54
 61
 57
 58
 48
 49
 47
 48
 59
 31
 29
 25
 28
 30
 28
 33
 44
 43
 33
 37
 38
 37
 39
 36
 43
 38
 29
 29
 29
 28
 27
 27
 28
 28
 25
 22
 24
 36
 38
 36
 36
 35
 37
 47
 45
 45
 47
 35
 35
 36
 29
 37
 40
 35
 33
 34
 31
 34
 37
 40
 43
 34
 34
 27
 28
 32
 33
 31
 30
 29
 25
 29
 30
 30
 40
 34
 33
 37
 40
 36
 39
 44
 39
 40
 32
 32
 34
 34
 30
 46
 45
 38
 37
 36
 38
 41
 40
 51
 53
 35
 38
 38
 36
 37
 41
 40
 39
 26
 36
 37
 31
 33
 36
 36
 32
 33
 46
 47
 34
 33
 33
 34
 32
 34
 37
 37
 27
 25
 34
 34
 35
 34
 37
 35
 35
 38
 39
 40
 29
 28
 33
 29
 32
 32
 28
 39
 34
 33
 36
 37
 37
 41
 37
 49
 52
 38
 36
 35
 33
 37
 36
 45
 47
 35
 34
 34
 34
 35
 38
 46
 44
 32
 32
 35
 34
 34
 36
 52
 50
 39
 39
 42
 41
 42
 40
 55
 50
 36
 37
 37
 37
 32
 35
 44
 47
 32
 33
 32
 34
 34
 31
 33
 32
 22
 29
 32
 31
 39
 29
 31
 31
 26
 27
 28
 32
 41
 42
 34
 35
 36
 40
 37
 40
 50
 47
 36
 35
 35
 38
 33
 33
 48
 46
 38
 38
 38
 41
 41
 39
 52
 52
 38
 35
 36
 38
 39
 34
 53
 53
 39
 41
 36
 36
 36
 44
 55
 58
 43
 41
 44
 42
 42
 44
 56
 50
 43
 40
 38
 38
 41
 40
 54
 53
 45
 43
 38
 38
 39
 42
 50
 52
 38
 40
 34
 35
 33
 35
 45
 42
 33
 35
 36
 32
 36
 37
 50
 51
 44
 42
 43
 41
 45
 43
 54
 55
 39
 40
 34
 35
 34
 35
 48
 50
 36
 39
 39
 39
 36
 39
 38
 40
 25
 24
 41
 39
 38
 39
 38
 38
 41
 45
 44
 45
 30
 33
 36
 34
 34
 35
 46
 38
 40
 45
 45
 43
 43
 39
 57
 58
 45
 43
 44
 41
 41
 38
 50
 52
 35
 34
 38
 34
 36
 45
 48
 48
 41
 42
 45
 44
 46
 54
 51
 42
 44
 40
 38
 39
 45
 45
 39
 30
 30
 33
 33
 37
 50
 51
 40
 42
 47
 45
 46
 41
 43
 39
 30
 32
 31
 38
 32
 34
 31
 38
 31
 41
 44
 42
 46
 39
 41
 41
 47
 46
 48
 34
 42
 43
 41
 37
 40
 38
 34
 31
 37
 38
 32
 33
 36
 38
 34
 35
 45
 45
 32
 32
 36
 38
 35
 34
 48
 49
 38
 39
 42
 42
 39
 36
 50
 48
 36
 36
 41
 40
 37
 51
 49
 50
 35
 38
 37
 40
 37
 51
 51
 37
 38
 41
 45
 39
 43
 49
 51
 34
 37
 36
 35
 36
 32
 34
 30
 26
 29
 30
 32
 31
 45
 40
 39
 40
 41
 41
 37
 40
 44
 46
 32
 33
 33
 34
 32
 37
 34
 33
 24
 40
 41
 43
 40
 42
 43
 38
 38
 51
 53
 38
 40
 33
 34
 36
 35
 51
 52
 37
 39
 40
 38
 35
 37
 55
 57
 42
 39
 42
 37
 38
 42
 54
 56
 35
 38
 36
 40
 38
 39
 50
 46
 33
 34
 34
 33
 36
 31
 46
 47
 34
 38
 38
 38
 39
 39
 51
 53
 47
 45
 48
 45
 44
 46
 61
 57
 42
 44
 38
 36
 39
 40
 48
 51
 39
 39
 41
 38
 36
 38
 54
 54
 42
 43
 34
 34
 35
 36
 55
 55
 38
 41
 38
 42
 46
 46
 50
 50
 32
 34
 36
 33
 37
 46
 41
 41
 37
 36
 34
 33
 34
 48
 46
 32
 30
 32
 32
 35
 41
 51
 47
 35
 35
 39
 39
 37
 36
 43
 41
 31
 33
 37
 38
 35
 36
 45
 46
 36
 34
 39
 38
 35
 32
 39
 35
 29
 29
 31
 40
 33
 38
 39
 40
 34
 31
 35
 44
 44
 35
 34
 29
 34
 36
 41
 44
 41
 33
 31
 31
 34
 34
 35
 36
 29
 26
 30
 32
 43
 43
 39
 40
 33
 35
 36
 41
 38
 39
 26
 28
 31
 29
 29
 30
 28
 25
 26
 25
 33
 31
 31
 33
 32
 31
 33
 33
 40
 41
 32
 31
 33
 31
 30
 28
 39
 39
 28
 30
 31
 27
 28
 28
 35
 37
 28
 28
 30
 28
 27
 23
 25
 30
 25
 27
 27
 37
 35
 34
 34
 34
 35
 28
 28
 42
 44
 32
 35
 31
 33
 36
 39
 46
 47
 34
 35
 37
 37
 34
 36
 45
 41
 31
 33
 32
 35
 37
 36
 51
 46
 40
 42
 42
 41
 40
 42
 50
 48
 35
 38
 41
 40
 42
 40
 49
 43
 35
 34
 34
 35
 32
 33
 35
 39
 36
 34
 33
 37
 37
 40
 48
 45
 34
 36
 35
 35
 34
 30
 43
 43
 32
 33
 38
 35
 35
 35
 43
 44
 33
 34
 37
 35
 32
 33
 43
 42
 32
 31
 34
 31
 31
 30
 39
 40
 28
 31
 31
 33
 33
 44
 42
 42
 36
 39
 38
 38
 43
 41
 35
 27
 29
 34
 30
 34
 37
 40
 34
 32
 35
 37
 38
 47
 49
 37
 35
 31
 33
 36
 33
 41
 44
 30
 31
 32
 33
 33
 33
 35
 35
 26
 26
 32
 29
 29
 29
 42
 41
 34
 35
 37
 36
 32
 34
 45
 45
 33
 33
 37
 40
 36
 39
 40
 42
 27
 28
 27
 29
 35
 35
 35
 31
 35
 34
 36
 35
 44
 42
 31
 31
 29
 29
 27
 29
 44
 42
 35
 33
 34
 36
 34
 37
 45
 46
 30
 32
 33
 33
 36
 35
 49
 51
 41
 39
 38
 39
 37
 51
 45
 47
 35
 34
 34
 36
 36
 44
 46
 33
 35
 34
 30
 30
 35
 41
 44
 32
 33
 32
 34
 31
 31
 39
 36
 28
 26
 37
 36
 35
 38
 39
 38
 33
 31
 33
 36
 25
 25
 26
 33
 32
 30
 33
 33
 32
 30
 32
 39
 41
 30
 28
 29
 28
 30
 36
 35
 36
 25
 27
 34
 31
 31
 39
 39
 34
 36
 38
 40
 38
 31
 32
 32
 23
 23
 45
 52
 46
 736
 738
 743
 744
 745
 720
 722
 724
 1450
 1451
 765
 768
 761
 764
 765
 765
 769
 765
 33
 33
 31
 25
 25
 38
 38
 41
 33
 34
 34
 35
 35
 39
 40
 25
 26
 22
 23
 34
 35
 37
 39
 35
 37
 41
 40
 49
 48
 35
 41
 40
 34
 36
 37
 36
 37
 28
 28
 45
 41
 43
 39
 40
 39
 38
 46
 43
 45
 30
 29
 29
 31
 33
 33
 40
 28
 30
 30
 35
 37
 36
 37
 38
 38
 28
 28
 28
 28
 78
 76
 75
 77
 75
 72
 73
 77
 85
 87
 34
 33
 35
 33
 32
 30
 37
 32
 23
 24
 29
 40
 41
 38
 41
 43
 37
 40
 39
 55
 50
 37
 37
 42
 39
 36
 39
 44
 44
 32
 30
 32
 31
 27
 33
 33
 33
 29
 27
 27
 30
 28
 27
 24
 23
 30
 33
 29
 30
 33
 32
 32
 35
 49
 46
 39
 41
 44
 47
 44
 45
 43
 38
 25
 28
 29
 27
 36
 32
 34
 31
 33
 34
 35
 33
 37
 38
 26
 38
 39
 38
 39
 36
 37
 37
 32
 40
 41
 29
 32
 30
 36
 41
 39
 43
 43
 33
 34
 39
 35
 37
 33
 34
 40
 35
 38
 42
 39
 42
 40
 40
 35
 35
 28
 29
 37
 29
 30
 27
 29
 29
 30
 31
 37
 38
 31
 32
 31
 29
 29
 34
 36
 33
 28
 28
 28
 29
 30
 28
 32
 28
 23
 24
 25
 25
 27
 32
 35
 35
 30
 36
 31
 33
 34
 37
 36
 28
 25
 26
 27
 32
 34
 31
 31
 31
 31
 28
 29
 28
 31
 21
 24
 22
 25
 33
 34
 33
 35
 34
 35
 43
 42
 42
 42
 29
 31
 32
 32
 42
 36
 29
 30
 31
 33
 32
 32
 41
 39
 30
 30
 32
 30
 35
 32
 43
 45
 34
 33
 29
 26
 41
 41
 41
 37
 30
 29
 31
 29
 36
 38
 27
 27
 27
 26
 35
 37
 33
 36
 32
 32
 29
 29
 47
 48
 37
 33
 34
 35
 39
 38
 48
 51
 34
 36
 35
 32
 35
 33
 45
 46
 34
 35
 38
 37
 37
 38
 46
 48
 34
 33
 32
 33
 32
 41
 41
 41
 32
 32
 34
 32
 37
 41
 43
 34
 32
 35
 34
 31
 31
 43
 41
 29
 33
 39
 37
 36
 35
 36
 37
 26
 26
 31
 28
 35
 37
 38
 39
 33
 30
 35
 36
 36
 36
 23
 24
 24
 22
 31
 32
 40
 40
 38
 38
 37
 39
 41
 42
 42
 44
 33
 34
 31
 37
 36
 37
 37
 32
 25
 25
 29
 21
 32
 30
 30
 30
 31
 27
 32
 33
 33
 34
 22
 22
 22
 19
 21
 30
 25
 25
 26
 26
 29
 30
 33
 43
 42
 31
 33
 32
 32
 34
 37
 41
 38
 30
 33
 32
 28
 29
 32
 42
 38
 32
 33
 34
 30
 30
 37
 39
 39
 28
 31
 31
 28
 27
 30
 34
 28
 24
 34
 35
 33
 33
 36
 36
 33
 33
 43
 44
 34
 33
 35
 34
 32
 30
 32
 29
 21
 22
 21
 21
 22
 25
 24
 29
 34
 31
 32
 41
 43
 45
 45
 41
 41
 41
 27
 28
 29
 26
 27
 23
 31
 33
 33
 30
 33
 35
 35
 35
 43
 45
 33
 29
 30
 30
 31
 34
 42
 44
 32
 31
 32
 34
 31
 34
 42
 41
 28
 26
 28
 31
 31
 29
 42
 42
 33
 31
 32
 36
 35
 38
 44
 46
 34
 35
 35
 35
 38
 40
 46
 43
 33
 32
 33
 34
 34
 43
 39
 34
 31
 34
 37
 38
 37
 36
 39
 28
 29
 28
 28
 31
 26
 24
 25
 37
 32
 31
 36
 36
 34
 35
 42
 41
 42
 34
 36
 36
 33
 33
 27
 36
 27
 28
 30
 31
 27
 27
 27
 36
 37
 28
 31
 30
 27
 26
 26
 29
 28
 22
 22
 25
 30
 31
 30
 30
 36
 38
 37
 33
 34
 31
 31
 29
 27
 35
 33
 26
 27
 25
 29
 34
 29
 31
 32
 28
 29
 28
 27
 39
 39
 37
 32
 29
 33
 34
 35
 36
 35
 26
 31
 29
 34
 33
 26
 25
 31
 30
 31
 29
 26
 33
 29
 27
 30
 32
 30
 30
 31
 31
 31
 24
 22
 24
 22
 28
 30
 29
 30
 29
 33
 35
 38
 39
 46
 42
 35
 35
 37
 36
 35
 31
 40
 42
 32
 35
 35
 40
 39
 38
 43
 38
 36
 34
 36
 30
 31
 38
 32
 32
 29
 32
 25
 27
 28
 38
 35
 28
 27
 32
 32
 31
 32
 38
 39
 28
 28
 33
 33
 29
 29
 27
 28
 21
 34
 34
 34
 27
 29
 30
 30
 29
 33
 34
 23
 24
 25
 28
 25
 26
 25
 40
 37
 38
 36
 39
 40
 36
 34
 47
 48
 32
 34
 33
 33
 32
 41
 41
 38
 27
 29
 31
 34
 34
 36
 34
 29
 27
 28
 28
 30
 33
 34
 33
 32
 29
 35
 31
 33
 33
 33
 28
 26
 26
 29
 35
 26
 27
 26
 28
 31
 31
 36
 37
 33
 30
 33
 29
 31
 34
 35
 37
 29
 31
 31
 28
 26
 24
 28
 29
 38
 37
 34
 32
 34
 32
 35
 35
 33
 31
 19
 21
 30
 31
 29
 31
 29
 33
 32
 32
 40
 38
 28
 30
 31
 30
 28
 30
 35
 36
 30
 31
 33
 29
 31
 35
 45
 41
 30
 31
 32
 33
 30
 37
 34
 30
 22
 23
 25
 26
 26
 36
 35
 30
 31
 34
 39
 41
 40
 41
 38
 35
 38
 35
 36
 31
 33
 31
 34
 34
 30
 41
 38
 39
 36
 32
 33
 34
 32
 40
 40
 32
 31
 33
 31
 34
 30
 43
 46
 34
 37
 37
 40
 36
 39
 46
 45
 32
 29
 32
 29
 29
 26
 36
 33
 26
 29
 29
 30
 29
 30
 36
 38
 29
 30
 33
 32
 30
 31
 35
 36
 24
 26
 32
 32
 32
 27
 28
 30
 26
 26
 37
 37
 29
 31
 30
 31
 32
 31
 40
 40
 33
 31
 33
 33
 37
 38
 46
 43
 37
 38
 34
 40
 42
 45
 40
 35
 31
 28
 30
 33
 40
 36
 31
 29
 29
 31
 29
 32
 40
 64
 56
 57
 57
 56
 59
 61
 70
 69
 35
 35
 33
 36
 33
 44
 43
 36
 30
 31
 31
 27
 38
 42
 41
 29
 29
 40
 41
 41
 40
 44
 42
 40
 40
 40
 36
 29
 31
 47
 48
 47
 37
 39
 39
 40
 55
 56
 55
 35
 34
 40
 39
 50
 49
 49
 34
 31
 35
 36
 47
 40
 42
 31
 37
 37
 37
 47
 43
 43
 34
 35
 35
 36
 41
 43
 43
 35
 33
 35
 37
 45
 43
 43
 32
 34
 35
 36
 36
 35
 35
 36
 38
 34
 35
 31
 35
 36
 36
 36
 41
 29
 27
 30
 33
 33
 41
 40
 39
 43
 40
 39
 42
 52
 49
 56
 44
 45
 43
 47
 45
 48
 57
 45
 44
 35
 36
 36
 40
 33
 33
 32
 34
 35
 36
 36
 37
 39
 31
 42
 44
 42
 31
 28
 32
 31
 40
 32
 35
 30
 32
 33
 34
 44
 41
 41
 34
 34
 34
 34
 40
 43
 39
 31
 29
 33
 36
 43
 43
 40
 34
 31
 46
 45
 46
 45
 39
 37
 37
 47
 46
 44
 32
 30
 32
 32
 43
 42
 37
 29
 29
 31
 31
 47
 46
 45
 35
 36
 35
 39
 52
 52
 48
 36
 41
 42
 38
 52
 54
 54
 40
 40
 40
 41
 46
 48
 48
 32
 33
 28
 31
 38
 40
 35
 28
 30
 31
 30
 37
 36
 37
 30
 29
 39
 39
 38
 34
 38
 31
 32
 28
 29
 32
 22
 31
 32
 31
 30
 32
 32
 32
 41
 39
 39
 32
 29
 33
 32
 40
 40
 40
 32
 30
 28
 31
 42
 41
 39
 31
 31
 32
 25
 30
 30
 31
 20
 21
 32
 30
 30
 32
 33
 29
 38
 37
 38
 48
 38
 38
 38
 38
 39
 36
 39
 39
 39
 28
 30
 31
 32
 43
 41
 42
 28
 33
 33
 43
 41
 43
 42
 32
 33
 36
 42
 38
 38
 30
 35
 34
 46
 46
 44
 38
 35
 34
 36
 33
 29
 35
 33
 33
 31
 31
 32
 30
 40
 41
 39
 38
 26
 27
 26
 31
 29
 42
 34
 30
 31
 34
 32
 41
 41
 51
 53
 45
 42
 43
 44
 44
 53
 45
 47
 36
 36
 29
 29
 39
 41
 38
 28
 29
 27
 27
 39
 40
 42
 35
 32
 34
 39
 44
 45
 44
 30
 29
 40
 35
 34
 36
 32
 29
 28
 41
 40
 39
 32
 34
 41
 41
 42
 40
 38
 33
 33
 35
 32
 35
 25
 25
 36
 37
 37
 38
 35
 35
 31
 40
 38
 38
 29
 28
 30
 27
 36
 37
 38
 30
 32
 34
 45
 45
 44
 42
 37
 37
 48
 45
 49
 42
 37
 37
 40
 46
 48
 47
 35
 37
 35
 44
 45
 44
 37
 35
 33
 32
 40
 40
 37
 29
 30
 39
 39
 38
 39
 37
 31
 29
 47
 50
 48
 44
 48
 48
 49
 52
 55
 55
 38
 41
 37
 36
 29
 30
 26
 23
 25
 34
 35
 36
 36
 36
 36
 37
 47
 48
 50
 40
 39
 34
 33
 41
 43
 42
 33
 31
 22
 34
 35
 35
 36
 28
 30
 37
 36
 36
 39
 28
 30
 27
 29
 40
 40
 30
 33
 33
 33
 33
 34
 34
 32
 21
 24
 34
 33
 33
 32
 36
 34
 32
 43
 46
 43
 33
 35
 35
 43
 38
 38
 45
 37
 42
 42
 43
 44
 47
 43
 42
 41
 38
 35
 37
 36
 36
 30
 35
 31
 31
 39
 39
 39
 33
 33
 34
 37
 38
 40
 36
 32
 32
 32
 32
 48
 47
 42
 38
 39
 39
 37
 47
 48
 41
 32
 30
 34
 31
 28
 29
 29
 22
 28
 35
 34
 34
 32
 34
 29
 33
 45
 45
 40
 33
 34
 35
 37
 44
 44
 41
 30
 29
 29
 31
 43
 41
 41
 37
 36
 37
 35
 47
 49
 47
 34
 33
 35
 34
 46
 44
 49
 43
 42
 40
 40
 46
 45
 44
 32
 33
 28
 25
 24
 25
 25
 33
 34
 32
 31
 35
 38
 37
 43
 47
 46
 34
 33
 37
 39
 33
 44
 42
 35
 32
 36
 37
 44
 39
 41
 43
 32
 32
 32
 34
 33
 44
 38
 39
 37
 40
 40
 41
 41
 51
 53
 42
 44
 42
 40
 37
 37
 54
 51
 40
 40
 35
 35
 38
 38
 53
 53
 39
 37
 38
 37
 37
 40
 48
 51
 34
 36
 34
 34
 36
 40
 49
 48
 38
 40
 41
 40
 38
 38
 40
 38
 27
 26
 27
 34
 34
 35
 33
 35
 33
 34
 30
 42
 39
 29
 31
 28
 30
 29
 30
 33
 32
 21
 25
 31
 29
 38
 32
 31
 34
 36
 38
 37
 34
 37
 38
 28
 29
 33
 31
 32
 30
 30
 29
 21
 22
 24
 34
 33
 33
 31
 34
 34
 36
 34
 37
 36
 25
 39
 41
 40
 37
 37
 39
 40
 38
 47
 47
 34
 35
 34
 33
 34
 31
 40
 42
 32
 30
 28
 29
 31
 28
 31
 30
 20
 21
 22
 24
 21
 23
 22
 23
 21
 35
 34
 36
 36
 34
 36
 36
 38
 44
 45
 32
 28
 33
 32
 38
 40
 38
 38
 29
 28
 29
 33
 33
 35
 31
 28
 29
 32
 34
 33
 36
 34
 23
 23
 26
 29
 35
 34
 30
 32
 26
 27
 31
 30
 37
 37
 30
 31
 38
 34
 37
 40
 45
 46
 35
 36
 36
 34
 32
 44
 44
 40
 34
 34
 35
 30
 31
 34
 33
 21
 24
 35
 32
 30
 29
 28
 30
 32
 37
 46
 44
 32
 33
 34
 33
 35
 34
 35
 34
 26
 24
 27
 27
 30
 29
 30
 23
 24
 26
 25
 28
 43
 41
 41
 47
 44
 46
 44
 51
 50
 40
 32
 33
 33
 26
 27
 28
 28
 19
 20
 22
 22
 32
 30
 28
 32
 29
 32
 34
 34
 43
 45
 32
 31
 38
 36
 38
 36
 44
 38
 36
 33
 35
 34
 27
 24
 34
 37
 28
 30
 28
 28
 24
 34
 36
 37
 26
 30
 29
 28
 27
 29
 33
 24
 25
 25
 25
 20
 32
 28
 29
 28
 24
 27
 29
 29
 31
 34
 25
 36
 34
 35
 37
 31
 34
 35
 34
 40
 41
 31
 35
 36
 38
 38
 38
 50
 50
 42
 39
 40
 35
 56
 52
 57
 54
 44
 43
 42
 43
 61
 36
 37
 40
 37
 37
 41
 38
 48
 49
 33
 33
 32
 30
 30
 31
 37
 39
 30
 30
 39
 38
 39
 37
 41
 42
 35
 35
 38
 40
 34
 37
 33
 33
 35
 33
 41
 44
 39
 38
 39
 37
 37
 36
 46
 48
 38
 40
 31
 35
 36
 40
 48
 49
 40
 38
 40
 38
 38
 39
 50
 46
 39
 43
 36
 38
 40
 39
 50
 47
 35
 34
 37
 35
 36
 40
 47
 47
 36
 37
 38
 35
 33
 42
 47
 41
 35
 34
 35
 38
 35
 37
 48
 40
 34
 34
 34
 34
 36
 34
 43
 42
 29
 30
 30
 32
 32
 32
 38
 38
 29
 30
 30
 39
 40
 36
 34
 34
 29
 29
 30
 40
 39
 29
 31
 31
 28
 38
 40
 40
 37
 27
 29
 30
 26
 36
 36
 24
 28
 30
 29
 29
 26
 34
 36
 26
 29
 32
 31
 27
 31
 39
 40
 35
 38
 38
 36
 33
 36
 46
 43
 30
 34
 33
 29
 29
 33
 42
 38
 30
 33
 37
 32
 32
 30
 41
 38
 28
 29
 32
 32
 32
 32
 36
 31
 28
 28
 28
 25
 32
 30
 33
 34
 34
 35
 35
 36
 44
 45
 36
 41
 34
 35
 34
 43
 43
 38
 35
 40
 37
 31
 38
 40
 41
 32
 32
 33
 31
 26
 31
 35
 26
 25
 27
 29
 36
 39
 34
 34
 30
 30
 30
 41
 40
 35
 29
 43
 43
 38
 37
 39
 43
 35
 42
 40
 40
 29
 30
 28
 37
 37
 35
 34
 31
 32
 34
 33
 39
 42
 33
 31
 31
 32
 29
 33
 391
 391
 382
 379
 381
 386
 387
 383
 401
 400
 40
 40
 39
 40
 40
 38
 120
 121
 105
 111
 108
 107
 110
 105
 114
 114
 31
 32
 42
 35
 35
 34
 36
 39
 39
 36
 37
 43
 30
 30
 29
 33
 34
 43
 33
 37
 39
 38
 37
 37
 39
 46
 41
 34
 33
 34
 32
 42
 41
 44
 45
 37
 37
 30
 39
 41
 44
 32
 33
 26
 31
 31
 31
 33
 25
 24
 31
 31
 29
 31
 31
 29
 31
 29
 33
 34
 23
 27
 31
 30
 28
 27
 26
 29
 32
 31
 33
 40
 35
 36
 41
 41
 41
 39
 35
 45
 42
 34
 36
 38
 31
 43
 44
 39
 40
 41
 40
 43
 41
 43
 43
 28
 29
 30
 29
 32
 34
 33
 35
 34
 33
 33
 38
 41
 41
 31
 31
 32
 31
 28
 27
 30
 28
 23
 26
 26
 27
 34
 35
 38
 39
 36
 36
 35
 31
 41
 38
 34
 34
 28
 31
 35
 36
 31
 30
 27
 27
 27
 28
 29
 27
 20
 23
 21
 22
 26
 27
 28
 25
 26
 28
 29
 28
 25
 25
 31
 29
 28
 27
 27
 24
 27
 27
 29
 37
 29
 30
 25
 27
 29
 29
 28
 40
 40
 28
 31
 32
 33
 34
 36
 38
 37
 26
 26
 28
 33
 31
 29
 26
 24
 30
 30
 31
 31
 30
 29
 30
 30
 30
 35
 32
 32
 34
 39
 41
 36
 36
 37
 38
 34
 33
 41
 37
 32
 37
 29
 31
 31
 31
 36
 38
 29
 32
 30
 26
 27
 25
 29
 29
 24
 22
 23
 21
 34
 34
 32
 36
 29
 30
 31
 34
 40
 43
 33
 31
 35
 31
 33
 37
 44
 43
 34
 39
 37
 39
 38
 37
 49
 44
 36
 39
 37
 33
 32
 36
 42
 44
 33
 32
 36
 34
 35
 36
 47
 43
 33
 32
 35
 35
 33
 45
 44
 50
 39
 39
 38
 39
 34
 44
 44
 33
 33
 31
 30
 32
 30
 37
 39
 28
 28
 29
 32
 25
 34
 36
 40
 35
 35
 37
 37
 36
 41
 43
 35
 33
 28
 31
 31
 32
 42
 42
 35
 37
 37
 37
 39
 34
 47
 50
 41
 40
 42
 41
 41
 43
 44
 44
 31
 31
 29
 30
 30
 29
 29
 30
 30
 28
 31
 33
 28
 29
 27
 26
 36
 35
 28
 30
 30
 30
 32
 32
 42
 37
 30
 33
 33
 30
 34
 43
 41
 41
 33
 32
 35
 32
 33
 43
 40
 31
 31
 33
 34
 32
 35
 44
 45
 33
 36
 33
 36
 35
 36
 46
 41
 33
 32
 33
 30
 30
 30
 40
 37
 30
 28
 30
 27
 28
 26
 32
 34
 23
 25
 25
 36
 34
 33
 34
 36
 35
 38
 39
 38
 37
 28
 27
 28
 29
 27
 26
 20
 20
 26
 26
 26
 35
 32
 32
 34
 31
 31
 30
 24
 29
 30
 22
 26
 29
 24
 26
 26
 30
 28
 22
 26
 26
 33
 31
 28
 29
 38
 41
 41
 42
 47
 49
 40
 44
 42
 44
 38
 35
 42
 43
 31
 35
 33
 30
 32
 30
 36
 38
 28
 31
 32
 31
 39
 37
 35
 38
 34
 33
 35
 34
 42
 43
 33
 34
 35
 33
 31
 31
 39
 37
 29
 30
 33
 34
 34
 29
 44
 44
 37
 37
 41
 47
 42
 44
 50
 52
 41
 43
 40
 39
 39
 31
 36
 31
 26
 23
 25
 33
 33
 32
 30
 32
 32
 40
 37
 40
 36
 27
 25
 40
 41
 39
 41
 35
 34
 34
 30
 42
 44
 36
 36
 38
 39
 39
 42
 52
 53
 43
 43
 37
 40
 38
 39
 52
 52
 41
 43
 42
 38
 39
 33
 43
 45
 34
 36
 36
 35
 31
 33
 43
 45
 34
 37
 37
 33
 34
 38
 49
 49
 38
 37
 39
 39
 39
 39
 48
 41
 32
 36
 37
 36
 37
 36
 43
 44
 34
 35
 38
 34
 33
 36
 42
 37
 37
 33
 35
 35
 36
 46
 43
 45
 39
 39
 34
 33
 35
 48
 49
 37
 37
 41
 41
 35
 45
 48
 47
 38
 41
 38
 41
 34
 47
 49
 34
 36
 38
 37
 34
 36
 43
 46
 39
 37
 41
 39
 39
 35
 42
 38
 34
 27
 27
 31
 36
 38
 37
 39
 34
 40
 36
 38
 43
 40
 34
 34
 34
 37
 38
 31
 35
 42
 36
 36
 38
 39
 41
 40
 36
 50
 51
 44
 41
 43
 43
 40
 50
 50
 48
 34
 40
 31
 33
 33
 38
 35
 28
 27
 38
 39
 33
 37
 41
 41
 55
 58
 61
 62
 51
 53
 54
 1488
 1486
 1466
 1468
 1468
 1459
 1461
 1459
 1467
 1468
 34
 41
 40
 33
 33
 36
 46
 48
 38
 37
 38
 29
 42
 44
 45
 41
 35
 40
 40
 40
 50
 49
 37
 36
 39
 41
 39
 34
 49
 51
 42
 44
 44
 44
 43
 41
 53
 54
 38
 38
 36
 35
 31
 32
 52
 48
 39
 40
 42
 39
 42
 40
 54
 57
 37
 37
 35
 36
 37
 35
 46
 48
 35
 35
 35
 33
 36
 47
 45
 47
 33
 33
 34
 37
 37
 40
 34
 27
 26
 24
 26
 29
 37
 33
 32
 32
 32
 35
 35
 35
 41
 37
 31
 29
 30
 34
 36
 32
 42
 43
 35
 39
 37
 40
 39
 34
 39
 40
 27
 25
 28
 30
 30
 30
 30
 35
 38
 40
 39
 40
 40
 37
 37
 33
 36
 31
 24
 23
 23
 21
 36
 33
 33
 36
 40
 39
 40
 38
 54
 54
 39
 37
 37
 39
 36
 34
 42
 44
 28
 28
 31
 37
 38
 35
 33
 34
 30
 29
 29
 40
 37
 30
 32
 35
 37
 35
 35
 48
 46
 43
 43
 44
 42
 40
 42
 50
 50
 42
 40
 34
 34
 35
 35
 45
 43
 35
 34
 31
 33
 36
 40
 39
 42
 34
 31
 34
 33
 30
 38
 37
 31
 32
 33
 33
 33
 34
 47
 47
 38
 36
 34
 42
 43
 41
 51
 50
 38
 37
 37
 37
 38
 31
 41
 41
 32
 31
 32
 30
 33
 30
 42
 42
 32
 34
 32
 36
 43
 37
 39
 45
 34
 33
 34
 31
 34
 42
 36
 35
 36
 30
 34
 27
 31
 43
 42
 32
 32
 33
 34
 37
 35
 44
 41
 32
 35
 35
 32
 37
 36
 44
 45
 36
 37
 38
 35
 41
 44
 47
 48
 39
 39
 40
 35
 41
 42
 42
 42
 34
 35
 29
 29
 27
 39
 36
 37
 35
 32
 34
 30
 37
 40
 42
 33
 32
 31
 33
 33
 41
 43
 35
 36
 36
 35
 47
 45
 39
 39
 35
 40
 40
 36
 47
 46
 36
 34
 33
 38
 38
 36
 48
 49
 38
 40
 43
 43
 45
 40
 49
 40
 32
 33
 33
 30
 29
 33
 44
 45
 34
 37
 37
 35
 35
 30
 41
 43
 30
 32
 36
 34
 33
 31
 41
 43
 32
 31
 33
 34
 35
 31
 41
 39
 31
 34
 32
 34
 33
 33
 41
 43
 34
 35
 35
 35
 36
 34
 51
 47
 35
 36
 38
 40
 39
 37
 46
 48
 33
 34
 33
 35
 32
 40
 39
 40
 36
 34
 35
 37
 37
 47
 49
 37
 37
 38
 41
 41
 39
 53
 50
 38
 36
 39
 39
 41
 36
 48
 48
 36
 35
 42
 41
 36
 38
 47
 47
 33
 35
 33
 36
 32
 31
 39
 42
 30
 32
 32
 35
 35
 29
 36
 39
 32
 36
 38
 37
 36
 41
 41
 42
 34
 34
 35
 26
 30
 39
 39
 31
 32
 31
 31
 32
 29
 43
 41
 35
 36
 35
 35
 42
 39
 38
 52
 41
 36
 35
 37
 36
 38
 43
 43
 45
 37
 37
 36
 37
 36
 49
 42
 36
 36
 35
 31
 32
 31
 34
 30
 22
 19
 34
 33
 34
 37
 37
 38
 38
 39
 39
 36
 28
 31
 31
 28
 28
 36
 32
 32
 33
 35
 34
 26
 30
 28
 30
 22
 23
 26
 29
 29
 30
 32
 32
 32
 32
 30
 35
 32
 28
 28
 26
 29
 24
 23
 27
 27
 20
 19
 19
 16
 24
 31
 28
 31
 32
 36
 38
 39
 52
 51
 47
 35
 38
 37
 36
 45
 41
 48
 39
 42
 44
 45
 43
 55
 53
 41
 39
 32
 35
 33
 29
 42
 45
 31
 35
 32
 34
 40
 38
 47
 48
 35
 33
 37
 33
 34
 31
 36
 38
 33
 31
 34
 37
 37
 37
 41
 40
 27
 26
 27
 25
 27
 35
 32
 33
 34
 34
 35
 33
 37
 47
 47
 33
 32
 33
 31
 30
 30
 41
 37
 31
 32
 32
 33
 35
 33
 45
 42
 33
 33
 36
 33
 35
 34
 49
 52
 40
 39
 42
 39
 37
 40
 50
 48
 32
 35
 32
 36
 33
 33
 47
 48
 36
 39
 41
 38
 39
 40
 48
 49
 33
 35
 36
 30
 30
 30
 31
 33
 37
 37
 37
 41
 37
 38
 39
 41
 44
 46
 34
 35
 35
 29
 32
 30
 42
 42
 33
 33
 34
 33
 34
 32
 46
 46
 32
 37
 36
 38
 38
 37
 41
 44
 37
 35
 38
 35
 42
 41
 39
 41
 34
 34
 38
 40
 43
 45
 38
 38
 37
 35
 42
 47
 40
 40
 31
 32
 45
 48
 47
 45
 39
 37
 34
 35
 45
 45
 32
 32
 32
 32
 30
 33
 49
 48
 38
 38
 38
 39
 40
 39
 43
 46
 31
 33
 34
 33
 36
 40
 40
 39
 31
 33
 34
 34
 33
 32
 44
 39
 40
 43
 41
 37
 39
 37
 47
 50
 36
 38
 39
 36
 38
 42
 50
 52
 42
 39
 38
 36
 36
 45
 50
 45
 38
 39
 41
 38
 39
 48
 49
 44
 42
 41
 40
 41
 40
 41
 40
 33
 36
 33
 25
 36
 36
 35
 32
 32
 30
 32
 32
 29
 33
 24
 24
 24
 20
 21
 22
 21
 19
 21
 20
 33
 31
 30
 27
 32
 36
 38
 39
 42
 46
 32
 31
 29
 32
 29
 28
 31
 28
 25
 31
 31
 32
 34
 31
 33
 32
 30
 38
 38
 28
 28
 29
 27
 34
 34
 41
 37
 29
 31
 34
 37
 34
 40
 44
 44
 35
 38
 38
 38
 34
 44
 46
 37
 28
 33
 32
 28
 31
 31
 34
 24
 24
 28
 38
 31
 33
 31
 34
 43
 39
 38
 50
 43
 36
 39
 35
 34
 36
 32
 41
 39
 29
 30
 33
 30
 30
 28
 40
 38
 31
 33
 35
 34
 36
 35
 37
 40
 35
 33
 35
 35
 34
 42
 35
 35
 33
 33
 26
 26
 26
 37
 37
 28
 28
 29
 28
 27
 27
 32
 34
 25
 25
 34
 34
 34
 34
 37
 38
 35
 31
 27
 27
 23
 24
 26
 38
 31
 31
 32
 34
 34
 36
 39
 48
 48
 35
 35
 38
 39
 39
 41
 48
 46
 34
 61
 62
 63
 63
 62
 77
 74
 69
 73
 44
 45
 41
 43
 52
 54
 36
 38
 40
 32
 33
 31
 41
 43
 33
 33
 35
 34
 34
 34
 45
 46
 32
 32
 35
 34
 36
 38
 42
 43
 31
 30
 34
 30
 31
 30
 43
 40
 32
 34
 31
 34
 31
 45
 45
 51
 43
 43
 45
 42
 54
 53
 53
 43
 41
 36
 30
 34
 35
 35
 27
 26
 26
 24
 28
 29
 29
 35
 31
 31
 33
 33
 34
 37
 34
 33
 34
 25
 36
 39
 37
 39
 39
 34
 34
 35
 33
 33
 26
 29
 26
 34
 34
 34
 37
 35
 36
 37
 46
 38
 38
 33
 32
 32
 33
 34
 44
 46
 34
 35
 38
 40
 40
 40
 43
 43
 30
 31
 32
 44
 41
 36
 36
 37
 34
 36
 37
 49
 51
 37
 39
 39
 39
 43
 41
 48
 46
 31
 32
 32
 38
 40
 44
 42
 44
 36
 36
 38
 47
 43
 37
 38
 32
 33
 32
 34
 41
 43
 37
 36
 38
 32
 34
 33
 42
 44
 33
 30
 26
 26
 27
 28
 42
 42
 35
 36
 37
 37
 34
 34
 50
 51
 35
 36
 35
 42
 39
 39
 47
 48
 31
 33
 32
 32
 36
 34
 34
 37
 27
 30
 31
 30
 31
 30
 38
 33
 31
 34
 34
 31
 31
 37
 35
 33
 30
 27
 29
 38
 37
 39
 42
 36
 37
 37
 29
 40
 43
 31
 31
 32
 31
 27
 28
 39
 40
 32
 31
 32
 33
 31
 32
 43
 39
 31
 32
 36
 36
 38
 37
 47
 45
 34
 35
 36
 36
 30
 30
 35
 34
 25
 27
 37
 37
 34
 32
 34
 35
 31
 28
 39
 40
 29
 31
 31
 33
 28
 35
 36
 36
 24
 25
 26
 23
 25
 23
 36
 28
 29
 29
 31
 32
 33
 33
 36
 38
 25
 28
 28
 29
 29
 42
 39
 40
 36
 36
 36
 35
 35
 45
 46
 34
 38
 39
 36
 35
 36
 47
 48
 34
 33
 34
 34
 32
 37
 43
 45
 33
 35
 40
 39
 38
 45
 48
 48
 37
 36
 36
 45
 41
 40
 43
 33
 32
 27
 28
 30
 33
 24
 28
 28
 28
 40
 39
 35
 36
 37
 34
 34
 30
 47
 49
 36
 36
 38
 39
 36
 36
 49
 52
 36
 35
 35
 38
 36
 36
 41
 43
 31
 30
 31
 34
 33
 32
 43
 39
 31
 31
 35
 34
 34
 33
 46
 41
 34
 36
 40
 39
 37
 36
 49
 50
 39
 41
 43
 43
 36
 38
 48
 49
 32
 33
 38
 32
 35
 33
 43
 41
 30
 36
 37
 37
 34
 34
 42
 44
 35
 34
 38
 29
 31
 40
 42
 39
 33
 35
 34
 33
 31
 43
 43
 33
 35
 35
 37
 34
 35
 45
 47
 34
 33
 34
 37
 37
 37
 48
 49
 34
 34
 37
 36
 45
 40
 44
 38
 30
 30
 32
 35
 41
 44
 38
 37
 36
 42
 44
 44
 53
 50
 46
 44
 42
 43
 40
 36
 35
 38
 36
 34
 28
 30
 35
 35
 40
 40
 33
 33
 41
 42
 44
 41
 40
 46
 41
 40
 49
 42
 32
 34
 36
 38
 36
 29
 32
 33
 29
 29
 30
 29
 35
 30
 31
 32
 32
 29
 40
 39
 45
 42
 37
 40
 41
 44
 51
 47
 41
 39
 36
 34
 35
 36
 59
 53
 48
 49
 46
 50
 50
 51
 58
 44
 40
 40
 40
 39
 40
 40
 36
 37
 29
 28
 25
 33
 37
 38
 36
 33
 32
 33
 33
 36
 35
 28
 30
 28
 42
 38
 39
 37
 40
 38
 36
 36
 43
 45
 30
 32
 31
 32
 31
 35
 43
 45
 35
 37
 37
 37
 36
 36
 37
 35
 25
 24
 24
 23
 35
 35
 34
 34
 34
 29
 32
 36
 41
 42
 30
 30
 28
 32
 30
 38
 45
 40
 33
 39
 39
 40
 41
 39
 48
 40
 33
 36
 37
 35
 33
 36
 47
 47
 35
 38
 40
 38
 38
 32
 41
 44
 33
 35
 36
 34
 45
 47
 50
 49
 42
 44
 46
 43
 49
 51
 38
 39
 32
 33
 33
 29
 30
 32
 23
 25
 27
 27
 36
 33
 33
 36
 34
 31
 31
 32
 39
 37
 27
 29
 28
 28
 28
 27
 30
 26
 19
 19
 21
 23
 33
 30
 30
 32
 33
 35
 34
 35
 46
 39
 34
 33
 34
 33
 30
 29
 36
 37
 26
 27
 27
 30
 28
 29
 40
 41
 30
 29
 31
 31
 32
 39
 39
 41
 31
 32
 35
 33
 34
 43
 44
 30
 33
 34
 37
 35
 35
 47
 42
 37
 34
 38
 37
 35
 33
 37
 36
 26
 26
 26
 27
 36
 36
 31
 33
 30
 32
 29
 29
 40
 37
 29
 28
 28
 31
 34
 29
 38
 41
 29
 27
 30
 33
 30
 31
 32
 33
 26
 25
 28
 42
 40
 38
 40
 40
 33
 36
 37
 49
 47
 36
 34
 36
 38
 32
 36
 48
 49
 36
 37
 32
 33
 32
 41
 43
 43
 31
 29
 38
 36
 38
 54
 56
 46
 45
 47
 46
 48
 38
 54
 55
 39
 39
 39
 41
 35
 37
 53
 54
 37
 37
 40
 36
 38
 37
 49
 50
 35
 35
 39
 35
 34
 39
 51
 51
 37
 35
 37
 42
 39
 39
 52
 46
 41
 41
 43
 44
 47
 52
 49
 50
 37
 37
 33
 34
 35
 47
 42
 35
 35
 37
 39
 36
 38
 47
 42
 28
 29
 34
 36
 37
 34
 39
 40
 28
 31
 32
 33
 29
 31
 28
 28
 30
 33
 33
 34
 33
 34
 33
 24
 25
 30
 20
 21
 27
 22
 35
 33
 33
 33
 33
 31
 37
 40
 36
 38
 26
 27
 30
 27
 33
 44
 38
 33
 34
 38
 37
 40
 42
 43
 41
 27
 27
 30
 34
 30
 30
 32
 26
 25
 26
 24
 35
 33
 27
 31
 31
 34
 31
 32
 45
 45
 36
 35
 35
 35
 37
 34
 36
 39
 30
 30
 29
 29
 37
 36
 35
 37
 38
 36
 33
 31
 33
 33
 27
 24
 30
 26
 22
 29
 27
 30
 27
 38
 37
 37
 30
 30
 32
 27
 30
 38
 39
 30
 31
 32
 33
 34
 36
 41
 36
 31
 34
 36
 35
 35
 40
 38
 37
 32
 33
 54
 58
 62
 63
 64
 61
 67
 71
 42
 42
 43
 43
 47
 45
 50
 46
 36
 38
 35
 32
 44
 47
 38
 35
 32
 32
 35
 36
 50
 45
 36
 37
 36
 35
 34
 37
 49
 49
 35
 36
 36
 37
 37
 38
 51
 51
 36
 37
 40
 38
 39
 39
 48
 50
 33
 35
 38
 38
 34
 40
 48
 48
 34
 32
 32
 33
 34
 33
 43
 36
 35
 35
 36
 33
 33
 35
 39
 40
 30
 32
 28
 27
 29
 31
 43
 41
 32
 34
 34
 36
 43
 46
 50
 51
 45
 43
 46
 46
 48
 45
 35
 35
 28
 23
 26
 35
 33
 32
 31
 30
 31
 31
 31
 39
 41
 37
 36
 39
 42
 40
 38
 48
 44
 34
 35
 34
 36
 33
 27
 39
 42
 32
 32
 40
 42
 35
 36
 34
 36
 30
 28
 36
 39
 35
 35
 38
 35
 37
 36
 42
 42
 34
 33
 30
 31
 28
 43
 41
 45
 39
 39
 35
 36
 46
 51
 50
 34
 34
 32
 38
 44
 48
 47
 38
 35
 34
 36
 38
 39
 28
 30
 32
 36
 33
 34
 32
 33
 37
 36
 25
 29
 32
 33
 30
 33
 37
 39
 39
 47
 46
 37
 38
 38
 39
 32
 38
 38
 33
 29
 34
 37
 34
 33
 36
 40
 33
 32
 32
 49
 46
 40
 38
 41
 43
 40
 44
 43
 46
 27
 28
 29
 31
 26
 35
 27
 27
 30
 30
 30
 40
 41
 42
 39
 31
 33
 34
 30
 34
 38
 23
 25
 24
 24
 21
 21
 24
 27
 33
 33
 31
 35
 37
 30
 32
 32
 45
 45
 33
 35
 38
 35
 32
 39
 41
 41
 32
 34
 34
 33
 31
 40
 41
 32
 32
 32
 33
 29
 38
 40
 43
 37
 36
 36
 33
 34
 42
 39
 32
 33
 31
 29
 26
 39
 40
 40
 35
 33
 35
 32
 36
 44
 44
 32
 31
 37
 38
 40
 36
 46
 42
 35
 37
 37
 44
 41
 37
 40
 37
 32
 33
 33
 27
 36
 33
 30
 31
 31
 29
 29
 26
 39
 36
 34
 35
 33
 35
 34
 35
 44
 46
 32
 32
 26
 27
 41
 43
 36
 36
 31
 33
 33
 32
 43
 44
 32
 37
 36
 38
 40
 37
 47
 46
 36
 36
 38
 33
 32
 43
 37
 42
 37
 36
 36
 37
 37
 38
 40
 30
 31
 26
 27
 30
 32
 39
 31
 30
 34
 33
 33
 26
 30
 46
 44
 36
 40
 41
 37
 36
 40
 50
 49
 35
 36
 35
 27
 28
 39
 40
 38
 34
 35
 38
 37
 44
 45
 47
 37
 39
 38
 32
 31
 40
 42
 32
 34
 31
 32
 35
 36
 49
 48
 36
 36
 37
 37
 38
 34
 34
 36
 32
 31
 34
 30
 33
 31
 41
 43
 31
 31
 30
 29
 30
 39
 40
 32
 32
 33
 34
 34
 36
 44
 43
 32
 35
 37
 34
 31
 33
 42
 41
 39
 38
 39
 35
 32
 34
 46
 47
 33
 35
 33
 33
 34
 35
 45
 42
 35
 39
 39
 38
 37
 36
 40
 38
 30
 34
 35
 27
 32
 33
 33
 37
 32
 34
 32
 41
 44
 44
 38
 38
 41
 40
 35
 35
 35
 23
 26
 28
 25
 27
 27
 28
 32
 30
 43
 45
 34
 34
 36
 42
 41
 41
 48
 50
 37
 35
 38
 38
 35
 29
 29
 32
 20
 22
 21
 23
 24
 23
 25
 22
 32
 32
 32
 30
 32
 29
 27
 27
 27
 28
 22
 24
 22
 23
 25
 26
 28
 25
 25
 35
 36
 29
 29
 33
 32
 36
 32
 30
 33
 20
 21
 34
 32
 30
 34
 30
 29
 30
 36
 34
 37
 25
 35
 35
 31
 31
 34
 32
 32
 36
 33
 34
 26
 24
 24
 25
 31
 33
 31
 27
 28
 30
 33
 35
 36
 36
 32
 28
 27
 30
 36
 36
 39
 36
 36
 34
 26
 27
 29
 39
 33
 30
 29
 32
 29
 30
 30
 40
 39
 29
 30
 31
 30
 32
 34
 48
 49
 40
 40
 41
 40
 43
 41
 46
 47
 31
 33
 32
 29
 27
 32
 41
 42
 35
 36
 36
 35
 37
 44
 46
 45
 34
 33
 35
 36
 39
 51
 51
 39
 40
 44
 47
 46
 47
 53
 49
 36
 38
 40
 39
 34
 32
 43
 40
 34
 34
 36
 38
 35
 35
 46
 44
 32
 33
 32
 33
 34
 38
 38
 38
 29
 29
 31
 29
 32
 35
 31
 27
 29
 29
 29
 25
 27
 26
 24
 33
 32
 30
 26
 26
 29
 32
 29
 42
 43
 32
 29
 30
 29
 31
 40
 42
 37
 31
 29
 30
 33
 34
 45
 46
 34
 32
 33
 31
 32
 33
 38
 36
 25
 27
 31
 29
 41
 41
 41
 38
 32
 37
 37
 38
 40
 42
 31
 31
 32
 32
 32
 31
 44
 41
 33
 33
 36
 36
 39
 39
 40
 41
 26
 26
 32
 37
 33
 33
 33
 32
 33
 32
 32
 43
 38
 29
 32
 33
 40
 38
 37
 46
 48
 41
 43
 44
 39
 42
 45
 38
 39
 35
 34
 33
 34
 33
 34
 31
 23
 24
 24
 24
 25
 25
 25
 25
 28
 29
 34
 32
 32
 32
 39
 39
 30
 33
 32
 34
 31
 29
 38
 40
 31
 28
 32
 31
 31
 35
 35
 33
 27
 25
 29
 30
 32
 32
 33
 25
 28
 28
 31
 30
 37
 37
 32
 33
 35
 38
 34
 34
 33
 33
 23
 24
 28
 26
 23
 32
 34
 34
 31
 35
 37
 36
 29
 39
 41
 31
 30
 30
 33
 30
 29
 28
 29
 22
 24
 25
 24
 32
 30
 30
 32
 31
 32
 33
 32
 37
 37
 35
 34
 37
 33
 33
 41
 39
 36
 32
 34
 28
 28
 26
 36
 37
 28
 30
 29
 30
 31
 29
 27
 27
 26
 25
 29
 26
 26
 25
 26
 26
 27
 24
 28
 31
 27
 27
 30
 29
 32
 32
 38
 41
 31
 29
 32
 33
 31
 30
 38
 34
 28
 27
 28
 34
 32
 28
 39
 42
 32
 34
 34
 38
 39
 30
 36
 38
 27
 28
 27
 22
 25
 33
 30
 31
 30
 30
 30
 25
 28
 32
 34
 22
 31
 32
 29
 27
 28
 37
 39
 36
 35
 35
 26
 28
 27
 38
 40
 29
 67
 69
 69
 70
 75
 84
 78
 77
 49
 50
 33
 34
 35
 46
 46
 35
 35
 36
 38
 36
 37
 51
 46
 34
 32
 30
 32
 36
 32
 47
 48
 33
 35
 41
 38
 37
 40
 49
 52
 37
 39
 39
 39
 36
 37
 36
 28
 22
 28
 39
 39
 35
 35
 37
 37
 34
 34
 395
 386
 379
 380
 377
 382
 384
 381
 396
 399
 36
 38
 35
 38
 39
 39
 123
 121
 105
 109
 109
 106
 107
 111
 121
 48
 35
 35
 36
 35
 36
 35
 45
 40
 36
 35
 35
 34
 34
 36
 41
 44
 31
 34
 33
 30
 31
 35
 31
 34
 25
 27
 27
 28
 27
 39
 40
 34
 33
 36
 36
 39
 38
 49
 49
 36
 41
 40
 44
 44
 45
 49
 50
 36
 35
 31
 31
 43
 38
 39
 38
 30
 30
 31
 30
 33
 32
 23
 23
 22
 32
 30
 30
 31
 33
 28
 28
 28
 38
 42
 32
 30
 30
 33
 31
 32
 42
 41
 31
 28
 29
 30
 33
 36
 43
 43
 32
 31
 33
 34
 33
 39
 36
 31
 26
 29
 30
 29
 29
 33
 44
 37
 34
 37
 37
 36
 37
 41
 46
 44
 31
 32
 33
 35
 37
 44
 43
 38
 33
 33
 35
 34
 41
 45
 46
 37
 37
 39
 37
 39
 37
 42
 31
 26
 29
 25
 27
 25
 36
 32
 34
 29
 32
 30
 28
 32
 40
 43
 33
 34
 35
 36
 32
 41
 42
 36
 38
 35
 36
 41
 44
 43
 39
 34
 33
 33
 24
 25
 29
 23
 21
 20
 22
 24
 33
 35
 35
 39
 34
 36
 40
 40
 40
 34
 30
 30
 31
 22
 34
 35
 33
 36
 34
 35
 34
 34
 36
 39
 28
 29
 40
 38
 36
 36
 36
 39
 33
 31
 38
 41
 27
 27
 32
 34
 33
 30
 39
 41
 32
 30
 32
 32
 31
 28
 38
 39
 33
 34
 32
 32
 32
 32
 33
 34
 26
 35
 28
 28
 30
 34
 34
 35
 33
 42
 43
 33
 33
 34
 37
 31
 34
 35
 35
 26
 26
 28
 25
 26
 34
 35
 27
 30
 31
 30
 26
 27
 31
 30
 22
 20
 23
 33
 31
 32
 34
 36
 32
 33
 36
 36
 36
 32
 24
 32
 35
 35
 36
 34
 44
 46
 43
 38
 41
 36
 32
 35
 34
 39
 29
 27
 37
 36
 30
 31
 30
 34
 34
 31
 28
 32
 22
 21
 25
 26
 26
 26
 25
 23
 23
 26
 28
 28
 28
 24
 24
 26
 26
 23
 31
 29
 27
 28
 29
 29
 32
 35
 32
 33
 26
 28
 26
 28
 34
 35
 31
 31
 30
 34
 34
 34
 44
 47
 39
 38
 39
 36
 38
 34
 43
 43
 32
 33
 27
 27
 27
 31
 28
 31
 23
 22
 32
 29
 30
 29
 32
 31
 32
 31
 39
 42
 30
 33
 31
 32
 33
 39
 41
 36
 32
 32
 34
 33
 33
 42
 42
 34
 32
 34
 40
 40
 36
 38
 27
 30
 35
 34
 36
 42
 32
 33
 37
 39
 41
 34
 28
 35
 30
 24
 23
 27
 26
 28
 27
 29
 36
 30
 32
 29
 32
 30
 27
 25
 34
 33
 26
 26
 26
 27
 25
 28
 38
 39
 30
 30
 29
 29
 30
 32
 40
 41
 31
 31
 36
 36
 34
 36
 44
 40
 30
 30
 36
 37
 32
 40
 39
 40
 32
 32
 35
 34
 31
 40
 37
 30
 32
 32
 34
 34
 31
 42
 38
 32
 32
 34
 33
 32
 33
 41
 42
 30
 32
 33
 33
 32
 32
 42
 44
 37
 36
 38
 39
 41
 38
 46
 46
 38
 36
 36
 34
 35
 32
 38
 39
 28
 34
 26
 28
 38
 39
 38
 42
 37
 31
 32
 36
 35
 36
 25
 28
 38
 35
 38
 40
 39
 34
 35
 32
 43
 38
 31
 34
 31
 28
 30
 35
 44
 46
 41
 41
 37
 41
 44
 40
 50
 50
 34
 30
 34
 35
 47
 44
 41
 44
 36
 38
 40
 42
 48
 49
 37
 40
 40
 40
 42
 41
 48
 47
 36
 36
 38
 31
 32
 38
 47
 43
 36
 35
 37
 40
 34
 35
 45
 43
 35
 34
 32
 32
 34
 32
 44
 43
 36
 34
 28
 28
 31
 31
 36
 38
 27
 27
 33
 34
 31
 33
 33
 36
 32
 29
 39
 41
 32
 34
 38
 40
 39
 38
 46
 48
 34
 34
 37
 36
 34
 31
 33
 30
 26
 28
 33
 35
 32
 34
 32
 38
 33
 34
 34
 30
 24
 26
 27
 25
 27
 32
 33
 29
 28
 32
 30
 29
 28
 38
 38
 30
 31
 32
 32
 35
 37
 37
 37
 29
 28
 36
 37
 32
 36
 29
 34
 33
 34
 48
 49
 39
 40
 43
 40
 36
 34
 46
 44
 30
 31
 35
 34
 32
 33
 45
 46
 41
 38
 42
 37
 36
 38
 45
 46
 33
 36
 29
 32
 32
 33
 41
 41
 31
 31
 31
 30
 33
 29
 35
 37
 28
 31
 32
 29
 33
 34
 41
 43
 36
 37
 41
 42
 38
 41
 46
 48
 36
 36
 33
 36
 37
 31
 29
 31
 28
 28
 29
 31
 36
 35
 28
 28
 29
 31
 31
 31
 31
 38
 31
 31
 34
 31
 37
 35
 36
 32
 33
 22
 26
 30
 27
 31
 26
 27
 27
 26
 31
 41
 38
 33
 36
 29
 31
 32
 31
 37
 33
 24
 28
 40
 40
 45
 43
 43
 42
 39
 39
 50
 48
 36
 37
 33
 35
 39
 42
 30
 31
 25
 29
 27
 27
 37
 35
 31
 30
 30
 31
 33
 29
 34
 34
 24
 25
 30
 28
 25
 24
 26
 26
 25
 28
 38
 38
 33
 35
 40
 38
 39
 37
 41
 38
 31
 27
 31
 38
 35
 35
 40
 47
 38
 39
 38
 49
 48
 35
 37
 42
 37
 30
 32
 40
 41
 33
 32
 35
 34
 29
 37
 39
 34
 28
 30
 28
 30
 28
 37
 32
 33
 32
 34
 35
 38
 41
 39
 44
 33
 33
 30
 31
 32
 31
 31
 32
 31
 25
 26
 33
 35
 36
 35
 34
 40
 34
 32
 37
 37
 32
 31
 24
 36
 38
 30
 30
 30
 27
 28
 28
 30
 30
 18
 24
 23
 21
 32
 33
 33
 32
 33
 49
 56
 59
 61
 68
 56
 58
 60
 44
 44
 47
 39
 37
 33
 28
 40
 39
 40
 34
 32
 35
 37
 36
 48
 45
 34
 37
 38
 38
 36
 38
 35
 32
 26
 25
 26
 24
 34
 32
 33
 32
 35
 35
 35
 37
 46
 48
 36
 34
 35
 35
 35
 35
 42
 43
 30
 32
 34
 35
 32
 35
 41
 42
 32
 30
 32
 32
 31
 29
 39
 38
 30
 33
 34
 35
 35
 38
 44
 46
 40
 39
 39
 38
 39
 39
 47
 45
 38
 37
 29
 30
 31
 47
 47
 48
 41
 40
 40
 39
 42
 50
 49
 43
 40
 34
 34
 36
 37
 42
 37
 29
 27
 23
 29
 30
 29
 28
 35
 29
 31
 29
 32
 41
 36
 33
 36
 37
 30
 40
 42
 47
 45
 35
 33
 35
 36
 46
 46
 36
 35
 31
 29
 32
 33
 48
 49
 37
 39
 41
 39
 37
 38
 49
 49
 33
 34
 33
 35
 31
 35
 39
 33
 26
 26
 28
 31
 25
 28
 39
 29
 31
 35
 38
 38
 38
 38
 49
 48
 35
 34
 32
 34
 32
 33
 36
 37
 33
 33
 35
 32
 34
 46
 45
 43
 35
 38
 33
 30
 33
 46
 46
 34
 36
 38
 34
 29
 42
 42
 45
 35
 33
 35
 38
 37
 47
 49
 35
 38
 41
 35
 39
 39
 45
 45
 35
 35
 32
 32
 33
 35
 40
 40
 35
 31
 35
 34
 34
 37
 42
 42
 29
 31
 32
 33
 35
 34
 38
 31
 26
 25
 28
 24
 30
 35
 30
 31
 41
 41
 40
 45
 44
 43
 46
 37
 42
 43
 37
 37
 38
 33
 34
 40
 31
 31
 24
 25
 36
 36
 31
 30
 32
 35
 35
 35
 44
 47
 36
 38
 38
 39
 42
 37
 33
 33
 30
 29
 28
 30
 39
 39
 38
 34
 31
 33
 35
 33
 38
 33
 29
 30
 29
 31
 33
 32
 30
 29
 23
 29
 22
 25
 26
 29
 24
 33
 34
 32
 34
 32
 32
 32
 33
 36
 37
 29
 30
 36
 45
 37
 37
 41
 40
 37
 39
 38
 42
 36
 27
 27
 32
 30
 35
 40
 41
 41
 33
 36
 36
 37
 43
 43
 38
 34
 33
 35
 36
 38
 50
 49
 36
 39
 43
 43
 41
 40
 43
 37
 30
 30
 31
 41
 36
 34
 33
 33
 33
 36
 32
 34
 35
 26
 23
 22
 33
 34
 32
 31
 35
 34
 35
 35
 43
 42
 33
 33
 37
 44
 45
 38
 39
 39
 35
 34
 41
 43
 39
 29
 27
 31
 35
 32
 39
 40
 31
 31
 32
 33
 34
 39
 36
 38
 28
 36
 34
 36
 41
 38
 47
 38
 39
 38
 39
 31
 30
 35
 24
 27
 22
 22
 22
 40
 38
 38
 38
 34
 38
 35
 38
 44
 46
 30
 29
 30
 32
 32
 27
 42
 41
 32
 31
 32
 35
 35
 32
 46
 48
 35
 37
 39
 39
 41
 41
 51
 47
 40
 38
 39
 40
 38
 44
 46
 39
 32
 32
 33
 35
 35
 33
 32
 24
 27
 28
 24
 36
 36
 35
 40
 37
 40
 40
 36
 50
 51
 38
 41
 43
 36
 38
 35
 52
 53
 37
 39
 42
 42
 44
 51
 53
 52
 36
 33
 34
 33
 37
 32
 33
 24
 21
 24
 33
 34
 35
 38
 35
 35
 42
 40
 43
 38
 30
 30
 30
 27
 25
 28
 22
 28
 25
 35
 34
 34
 33
 35
 40
 37
 48
 37
 38
 35
 39
 37
 37
 37
 36
 34
 30
 29
 29
 39
 35
 34
 37
 36
 35
 35
 44
 38
 40
 34
 36
 34
 33
 31
 35
 37
 24
 26
 32
 34
 33
 33
 34
 36
 36
 30
 42
 43
 33
 34
 35
 35
 36
 37
 41
 43
 31
 33
 32
 30
 33
 34
 45
 40
 34
 32
 39
 43
 44
 40
 45
 47
 34
 37
 33
 36
 32
 29
 33
 34
 29
 32
 32
 31
 30
 29
 38
 39
 29
 31
 30
 34
 37
 32
 36
 36
 29
 40
 40
 39
 40
 40
 38
 40
 35
 46
 45
 35
 32
 31
 32
 28
 29
 37
 39
 29
 31
 30
 32
 30
 28
 36
 35
 30
 29
 30
 28
 35
 33
 35
 35
 29
 36
 32
 31
 32
 36
 29
 30
 29
 36
 37
 29
 30
 33
 36
 31
 31
 33
 32
 22
 24
 26
 25
 37
 36
 35
 38
 38
 40
 42
 40
 48
 48
 31
 32
 32
 33
 33
 32
 42
 44
 34
 34
 35
 36
 39
 38
 41
 44
 30
 31
 33
 33
 35
 32
 32
 33
 26
 26
 28
 28
 34
 35
 32
 33
 34
 31
 34
 32
 41
 40
 32
 37
 37
 38
 32
 36
 48
 50
 39
 39
 41
 35
 34
 33
 36
 35
 24
 23
 21
 32
 30
 35
 35
 36
 32
 34
 34
 43
 46
 34
 35
 31
 31
 30
 33
 41
 39
 29
 36
 36
 35
 32
 32
 44
 41
 34
 35
 35
 31
 31
 31
 40
 37
 28
 29
 31
 30
 31
 33
 41
 38
 33
 30
 35
 34
 32
 36
 44
 42
 32
 34
 31
 31
 29
 30
 34
 28
 26
 25
 27
 26
 25
 26
 27
 27
 22
 23
 21
 30
 29
 27
 27
 36
 43
 43
 36
 38
 40
 34
 32
 33
 46
 37
 30
 31
 31
 25
 25
 27
 41
 39
 27
 28
 29
 29
 30
 33
 45
 45
 31
 31
 32
 39
 37
 37
 46
 45
 34
 33
 33
 30
 32
 31
 34
 32
 26
 24
 24
 33
 31
 32
 33
 33
 28
 28
 30
 33
 35
 25
 26
 29
 29
 34
 36
 38
 37
 39
 35
 36
 43
 41
 42
 33
 34
 28
 29
 29
 43
 44
 35
 40
 39
 40
 38
 38
 47
 48
 33
 34
 33
 28
 31
 28
 38
 36
 27
 29
 36
 35
 35
 45
 44
 42
 34
 36
 38
 37
 31
 40
 41
 31
 30
 33
 32
 33
 32
 39
 36
 30
 32
 36
 35
 36
 33
 39
 39
 36
 37
 36
 35
 30
 33
 34
 36
 28
 31
 27
 27
 33
 31
 33
 22
 22
 23
 24
 29
 30
 31
 26
 29
 28
 29
 28
 39
 41
 31
 27
 30
 34
 34
 33
 35
 38
 30
 30
 32
 45
 42
 39
 36
 36
 35
 33
 32
 53
 60
 50
 53
 54
 53
 60
 1916
 1917
 1895
 1899
 1898
 1897
 1897
 1903
 1904
 45
 38
 41
 40
 36
 28
 39
 38
 30
 35
 35
 37
 34
 33
 42
 42
 30
 33
 35
 35
 36
 37
 43
 45
 30
 31
 34
 35
 35
 30
 41
 37
 29
 33
 35
 31
 29
 30
 40
 41
 31
 31
 31
 30
 26
 25
 38
 36
 26
 28
 33
 29
 31
 29
 41
 41
 30
 31
 29
 31
 25
 25
 113
 114
 110
 111
 112
 109
 111
 108
 118
 120
 31
 30
 32
 33
 32
 34
 34
 36
 28
 28
 39
 42
 32
 33
 33
 32
 33
 33
 41
 41
 29
 33
 32
 33
 35
 36
 45
 39
 35
 36
 38
 36
 38
 39
 40
 41
 28
 30
 31
 32
 34
 34
 33
 28
 27
 24
 36
 35
 34
 32
 29
 27
 27
 28
 31
 31
 18
 20
 35
 32
 33
 35
 36
 40
 37
 38
 41
 41
 28
 29
 23
 25
 26
 34
 31
 31
 32
 31
 32
 32
 33
 44
 39
 31
 31
 34
 32
 32
 36
 46
 45
 32
 30
 33
 35
 35
 30
 42
 42
 34
 35
 38
 39
 37
 36
 45
 48
 41
 39
 34
 35
 36
 47
 46
 42
 35
 37
 33
 33
 34
 37
 29
 25
 28
 29
 28
 34
 33
 31
 36
 30
 31
 31
 24
 34
 36
 30
 31
 32
 28
 27
 27
 36
 35
 26
 26
 31
 30
 39
 39
 39
 42
 34
 35
 34
 34
 39
 38
 32
 31
 36
 32
 34
 40
 41
 37
 31
 36
 35
 33
 29
 38
 39
 31
 33
 33
 30
 25
 25
 36
 36
 29
 28
 29
 30
 30
 35
 36
 38
 28
 34
 32
 33
 31
 28
 29
 28
 26
 28
 26
 33
 34
 32
 38
 39
 38
 38
 40
 38
 38
 24
 28
 34
 38
 36
 38
 39
 35
 38
 38
 37
 40
 31
 23
 27
 31
 31
 36
 35
 34
 34
 27
 32
 32
 43
 37
 37
 33
 35
 36
 35
 35
 43
 44
 33
 32
 33
 37
 37
 36
 42
 44
 32
 35
 35
 34
 35
 33
 27
 29
 37
 37
 38
 37
 39
 39
 40
 35
 47
 49
 37
 39
 42
 39
 35
 46
 47
 48
 38
 36
 34
 35
 29
 38
 39
 29
 30
 32
 31
 32
 30
 42
 41
 31
 33
 33
 33
 33
 37
 38
 37
 31
 31
 31
 31
 28
 35
 37
 28
 27
 31
 29
 26
 30
 31
 33
 24
 26
 25
 25
 26
 26
 24
 22
 21
 22
 20
 29
 30
 31
 26
 30
 30
 31
 31
 37
 38
 25
 26
 27
 24
 37
 37
 36
 40
 32
 32
 28
 39
 41
 40
 26
 32
 35
 29
 31
 39
 40
 29
 29
 31
 42
 40
 38
 40
 42
 36
 36
 38
 45
 43
 32
 33
 35
 36
 35
 32
 37
 37
 27
 27
 28
 28
 40
 37
 40
 39
 34
 39
 39
 40
 44
 44
 37
 37
 29
 28
 30
 37
 38
 38
 34
 34
 30
 30
 31
 33
 27
 21
 23
 26
 33
 34
 28
 27
 28
 30
 31
 34
 40
 39
 29
 28
 35
 32
 39
 42
 42
 44
 34
 33
 31
 39
 31
 41
 38
 35
 36
 37
 37
 37
 46
 43
 37
 33
 33
 33
 30
 36
 45
 42
 34
 33
 39
 37
 34
 36
 47
 40
 40
 38
 39
 41
 33
 44
 44
 42
 39
 45
 36
 38
 45
 47
 48
 39
 40
 35
 34
 27
 32
 36
 27
 26
 24
 33
 34
 36
 38
 37
 33
 32
 34
 41
 43
 33
 32
 32
 26
 25
 26
 29
 25
 21
 20
 19
 23
 21
 21
 23
 27
 28
 36
 36
 36
 35
 32
 35
 33
 33
 46
 40
 36
 38
 40
 40
 46
 40
 43
 43
 31
 32
 26
 26
 27
 40
 32
 32
 33
 34
 36
 36
 32
 41
 43
 27
 28
 32
 27
 31
 31
 40
 37
 34
 33
 32
 34
 33
 35
 42
 38
 31
 32
 30
 30
 31
 30
 40
 40
 30
 31
 31
 33
 34
 31
 42
 38
 35
 35
 36
 35
 35
 34
 40
 42
 31
 31
 31
 27
 30
 31
 40
 41
 32
 32
 35
 34
 34
 33
 34
 28
 22
 23
 23
 34
 34
 33
 33
 36
 30
 36
 38
 45
 42
 31
 30
 31
 31
 29
 31
 38
 36
 28
 30
 28
 30
 31
 30
 41
 41
 33
 35
 34
 32
 34
 36
 44
 44
 35
 35
 34
 33
 31
 41
 42
 44
 32
 34
 39
 37
 36
 45
 46
 34
 35
 29
 28
 32
 27
 34
 32
 27
 29
 32
 30
 29
 41
 38
 38
 32
 31
 31
 32
 31
 39
 42
 30
 31
 31
 33
 33
 34
 41
 39
 33
 31
 33
 32
 35
 32
 41
 42
 31
 31
 26
 27
 30
 31
 40
 40
 31
 31
 32
 31
 32
 45
 42
 43
 33
 33
 32
 34
 31
 44
 46
 34
 33
 36
 34
 31
 33
 42
 44
 31
 33
 32
 31
 33
 37
 36
 37
 25
 27
 28
 26
 24
 33
 32
 29
 29
 30
 32
 30
 29
 31
 31
 25
 26
 34
 36
 33
 30
 32
 34
 32
 32
 35
 36
 27
 28
 37
 37
 37
 38
 35
 37
 31
 28
 37
 39
 26
 28
 27
 27
 28
 31
 31
 29
 21
 21
 23
 27
 31
 34
 34
 28
 29
 29
 29
 31
 31
 29
 30
 26
 26
 29
 29
 27
 36
 38
 40
 42
 37
 35
 35
 32
 42
 46
 38
 38
 36
 38
 38
 35
 44
 46
 32
 33
 25
 27
 27
 29
 36
 38
 28
 27
 27
 29
 30
 34
 45
 40
 36
 35
 35
 36
 37
 36
 43
 37
 29
 31
 29
 29
 30
 28
 30
 29
 21
 23
 24
 22
 31
 32
 32
 30
 29
 30
 37
 36
 39
 36
 27
 25
 24
 25
 28
 38
 29
 28
 26
 28
 33
 34
 36
 37
 33
 26
 28
 29
 31
 31
 29
 36
 33
 31
 33
 36
 30
 32
 32
 39
 41
 32
 33
 34
 32
 29
 29
 43
 44
 33
 33
 35
 36
 37
 37
 50
 51
 38
 45
 41
 42
 41
 37
 43
 46
 31
 31
 32
 27
 27
 29
 41
 37
 31
 32
 36
 34
 31
 62
 65
 70
 58
 58
 58
 568
 569
 567
 548
 540
 537
 529
 533
 556
 559
 51
 50
 49
 54
 55
 55
 64
 62
 45
 44
 40
 44
 44
 38
 45
 42
 39
 38
 32
 33
 33
 27
 42
 41
 36
 37
 31
 31
 33
 38
 52
 55
 38
 40
 42
 43
 35
 34
 43
 45
 32
 31
 33
 33
 29
 30
 41
 42
 34
 37
 38
 40
 42
 45
 46
 46
 31
 32
 34
 35
 30
 38
 39
 31
 32
 30
 34
 28
 31
 42
 42
 38
 38
 40
 38
 38
 37
 47
 47
 38
 40
 38
 38
 38
 49
 51
 52
 44
 43
 41
 40
 39
 48
 48
 37
 37
 29
 30
 34
 32
 43
 38
 28
 30
 33
 32
 33
 38
 35
 30
 21
 24
 23
 27
 35
 32
 33
 31
 30
 30
 32
 35
 37
 33
 27
 30
 27
 30
 38
 38
 37
 38
 37
 35
 39
 39
 50
 48
 34
 36
 33
 34
 36
 36
 48
 48
 35
 35
 38
 36
 37
 37
 47
 48
 34
 34
 33
 34
 37
 39
 38
 38
 34
 31
 33
 33
 47
 47
 38
 38
 32
 33
 34
 36
 45
 44
 28
 33
 31
 32
 28
 36
 43
 41
 31
 31
 33
 31
 32
 34
 35
 28
 23
 27
 24
 24
 25
 34
 35
 30
 31
 31
 33
 33
 33
 39
 40
 31
 34
 36
 32
 33
 37
 30
 33
 29
 29
 29
 27
 25
 27
 31
 37
 35
 32
 33
 34
 34
 33
 33
 42
 41
 30
 32
 32
 33
 27
 28
 40
 42
 31
 32
 34
 33
 33
 43
 37
 36
 30
 33
 34
 34
 32
 47
 47
 36
 33
 35
 39
 39
 38
 49
 47
 33
 34
 33
 33
 35
 33
 42
 43
 31
 33
 33
 32
 33
 34
 34
 35
 27
 27
 28
 27
 25
 36
 36
 32
 32
 34
 33
 36
 38
 35
 35
 27
 26
 25
 25
 33
 35
 34
 32
 33
 33
 38
 33
 48
 51
 37
 40
 37
 36
 33
 35
 46
 47
 33
 31
 31
 41
 42
 39
 42
 39
 29
 28
 28
 41
 42
 30
 32
 34
 33
 36
 36
 35
 35
 24
 26
 26
 26
 37
 38
 40
 42
 41
 42
 41
 37
 45
 48
 40
 39
 37
 33
 36
 37
 38
 37
 30
 28
 20
 23
 22
 36
 37
 32
 35
 37
 33
 35
 36
 45
 46
 32
 34
 35
 33
 34
 36
 37
 38
 27
 28
 29
 29
 34
 35
 34
 30
 36
 32
 38
 37
 38
 35
 41
 40
 39
 37
 34
 35
 33
 32
 42
 43
 33
 36
 36
 39
 36
 47
 37
 43
 37
 39
 37
 35
 36
 39
 42
 29
 31
 32
 31
 33
 34
 35
 36
 29
 32
 41
 40
 32
 35
 33
 34
 33
 32
 34
 30
 23
 22
 21
 21
 31
 31
 33
 34
 33
 33
 30
 30
 40
 39
 29
 31
 32
 30
 30
 34
 36
 37
 28
 26
 27
 39
 35
 36
 35
 33
 34
 31
 30
 34
 39
 26
 28
 27
 33
 30
 31
 32
 34
 32
 27
 38
 35
 35
 31
 33
 31
 30
 28
 32
 32
 23
 24
 23
 22
 28
 30
 31
 32
 31
 31
 28
 37
 37
 35
 27
 28
 28
 29
 31
 38
 38
 29
 30
 28
 29
 31
 42
 38
 34
 30
 31
 31
 31
 33
 33
 33
 20
 22
 31
 33
 32
 33
 36
 34
 32
 42
 44
 38
 32
 29
 29
 30
 27
 32
 33
 26
 31
 31
 32
 37
 35
 35
 31
 29
 29
 34
 26
 27
 29
 25
 28
 37
 40
 35
 37
 32
 29
 35
 36
 34
 31
 25
 37
 38
 36
 37
 38
 34
 34
 33
 44
 45
 31
 31
 38
 43
 39
 42
 50
 52
 43
 42
 43
 43
 37
 31
 42
 43
 33
 33
 30
 31
 31
 32
 32
 31
 20
 21
 28
 31
 31
 31
 29
 31
 31
 31
 34
 44
 38
 31
 31
 34
 34
 29
 30
 34
 36
 26
 24
 24
 26
 33
 34
 37
 39
 37
 36
 35
 36
 47
 42
 36
 37
 37
 37
 34
 35
 46
 48
 32
 31
 31
 35
 33
 33
 28
 30
 22
 23
 22
 25
 35
 32
 31
 31
 33
 35
 35
 31
 38
 39
 30
 31
 31
 31
 28
 29
 37
 34
 30
 32
 31
 36
 37
 47
 48
 42
 35
 37
 38
 36
 36
 40
 41
 29
 31
 32
 35
 31
 31
 40
 41
 31
 32
 31
 32
 31
 31
 207
 208
 198
 195
 199
 198
 201
 200
 212
 213
 38
 40
 41
 42
 40
 39
 47
 46
 33
 33
 31
 30
 28
 42
 42
 44
 34
 38
 36
 37
 40
 50
 50
 36
 37
 32
 34
 35
 43
 40
 38
 28
 28
 29
 31
 37
 37
 35
 26
 27
 35
 36
 35
 34
 38
 28
 29
 32
 47
 47
 37
 38
 38
 41
 40
 39
 49
 49
 33
 38
 39
 37
 37
 39
 45
 46
 35
 37
 35
 36
 35
 34
 43
 37
 30
 33
 33
 33
 34
 41
 35
 36
 32
 33
 34
 33
 31
 32
 33
 21
 22
 28
 34
 34
 32
 35
 34
 34
 39
 39
 45
 40
 33
 35
 35
 32
 37
 36
 27
 30
 26
 26
 35
 34
 33
 32
 30
 31
 35
 33
 34
 32
 24
 24
 24
 26
 24
 34
 28
 27
 29
 30
 29
 28
 30
 38
 40
 30
 32
 34
 34
 34
 33
 34
 28
 25
 23
 22
 24
 33
 31
 31
 33
 36
 41
 38
 46
 46
 42
 35
 37
 38
 35
 37
 42
 39
 33
 35
 38
 37
 46
 44
 41
 41
 32
 32
 34
 31
 30
 28
 21
 35
 35
 34
 33
 33
 32
 30
 33
 39
 41
 27
 32
 33
 30
 40
 42
 41
 42
 37
 37
 37
 29
 38
 40
 32
 32
 32
 30
 27
 27
 40
 41
 34
 33
 36
 34
 37
 39
 37
 36
 26
 27
 27
 26
 32
 31
 28
 31
 31
 41
 43
 39
 41
 40
 35
 34
 37
 35
 31
 24
 22
 37
 33
 33
 34
 35
 33
 30
 30
 45
 47
 33
 40
 40
 40
 38
 40
 48
 49
 35
 38
 37
 30
 32
 42
 38
 38
 29
 31
 35
 30
 39
 41
 43
 33
 32
 33
 32
 50
 50
 52
 48
 46
 46
 55
 34
 32
 34
 39
 40
 38
 33
 49
 49
 39
 43
 42
 37
 38
 38
 46
 47
 30
 34
 34
 33
 32
 31
 39
 40
 30
 29
 34
 32
 34
 33
 42
 45
 37
 34
 39
 45
 39
 39
 50
 50
 44
 42
 38
 41
 40
 29
 33
 37
 36
 34
 38
 40
 41
 40
 41
 41
 38
 43
 45
 46
 35
 36
 37
 36
 37
 38
 49
 47
 37
 39
 41
 39
 38
 37
 46
 47
 28
 30
 34
 33
 31
 39
 42
 43
 36
 35
 35
 36
 36
 45
 45
 35
 31
 29
 29
 30
 30
 41
 40
 35
 33
 33
 38
 38
 48
 47
 48
 41
 40
 39
 40
 41
 35
 37
 35
 34
 34
 39
 40
 37
 35
 32
 36
 32
 31
 37
 39
 29
 29
 31
 30
 31
 27
 40
 36
 30
 32
 37
 34
 36
 37
 40
 36
 23
 24
 27
 30
 22
 23
 34
 34
 28
 29
 33
 34
 35
 33
 46
 47
 33
 32
 35
 37
 39
 41
 47
 46
 37
 37
 37
 39
 39
 38
 43
 40
 32
 34
 29
 33
 33
 30
 38
 39
 31
 30
 32
 33
 34
 29
 39
 42
 30
 32
 30
 33
 30
 26
 42
 39
 34
 35
 34
 36
 38
 35
 47
 47
 35
 33
 33
 31
 32
 33
 41
 44
 30
 32
 35
 33
 34
 35
 44
 40
 34
 35
 35
 35
 30
 30
 41
 38
 29
 30
 31
 32
 28
 37
 40
 39
 32
 34
 38
 38
 36
 41
 42
 34
 37
 38
 35
 34
 26
 40
 43
 35
 38
 36
 36
 29
 31
 42
 44
 33
 35
 36
 34
 36
 43
 43
 38
 34
 31
 33
 29
 35
 33
 31
 23
 26
 27
 22
 22
 37
 37
 29
 32
 33
 37
 35
 44
 42
 43
 35
 37
 37
 42
 44
 40
 42
 33
 34
 36
 27
 28
 30
 20
 23
 25
 27
 30
 36
 32
 33
 35
 35
 34
 36
 34
 35
 28
 24
 23
 23
 23
 34
 36
 34
 36
 33
 34
 33
 34
 45
 43
 29
 31
 29
 30
 31
 29
 41
 40
 29
 32
 32
 34
 37
 35
 43
 45
 35
 34
 38
 35
 37
 35
 41
 42
 38
 36
 35
 35
 35
 35
 42
 39
 33
 34
 30
 30
 33
 34
 39
 41
 31
 30
 31
 30
 32
 40
 39
 45
 38
 37
 40
 40
 41
 47
 41
 36
 36
 31
 31
 34
 36
 32
 38
 33
 45
 40
 41
 39
 37
 41
 39
 37
 45
 48
 35
 34
 38
 37
 36
 33
 43
 46
 34
 32
 35
 37
 34
 33
 42
 39
 31
 30
 31
 33
 32
 36
 36
 37
 27
 28
 34
 30
 33
 30
 39
 34
 34
 32
 34
 36
 37
 39
 33
 35
 31
 32
 34
 40
 40
 33
 28
 27
 28
 31
 28
 27
 38
 32
 30
 31
 31
 34
 36
 38
 48
 49
 34
 35
 34
 35
 44
 42
 43
 39
 29
 33
 32
 30
 32
 30
 24
 24
 25
 25
 29
 25
 24
 28
 30
 38
 32
 32
 32
 38
 35
 33
 33
 38
 38
 27
 30
 31
 32
 28
 30
 29
 29
 23
 32
 34
 35
 34
 34
 31
 34
 30
 40
 43
 40
 44
 34
 37
 38
 39
 40
 39
 30
 34
 27
 21
 35
 36
 37
 36
 34
 34
 33
 34
 43
 46
 32
 33
 38
 38
 40
 35
 48
 42
 36
 33
 35
 37
 32
 33
 42
 45
 36
 38
 37
 36
 35
 38
 44
 44
 32
 34
 34
 34
 34
 34
 43
 39
 32
 33
 34
 36
 32
 30
 39
 40
 31
 31
 32
 34
 37
 34
 33
 34
 24
 25
 27
 25
 32
 31
 30
 28
 30
 26
 26
 29
 31
 30
 22
 24
 24
 24
 23
 19
 22
 24
 22
 21
 31
 30
 31
 31
 33
 32
 31
 32
 42
 42
 35
 35
 35
 33
 40
 41
 41
 44
 28
 29
 28
 34
 35
 33
 24
 29
 30
 29
 33
 43
 43
 31
 30
 33
 34
 33
 33
 41
 37
 33
 32
 33
 32
 33
 28
 32
 25
 24
 26
 26
 36
 34
 33
 33
 34
 31
 30
 32
 37
 39
 29
 31
 31
 32
 28
 41
 43
 40
 32
 33
 37
 39
 37
 39
 40
 29
 29
 28
 40
 40
 36
 31
 31
 33
 37
 34
 42
 44
 31
 31
 34
 36
 38
 36
 40
 40
 30
 31
 30
 32
 38
 32
 27
 28
 26
 26
 29
 26
 33
 34
 26
 25
 27
 28
 27
 28
 25
 32
 25
 23
 25
 29
 29
 28
 31
 29
 30
 25
 24
 29
 33
 35
 32
 37
 36
 35
 38
 37
 40
 47
 41
 35
 37
 31
 29
 32
 38
 35
 30
 25
 24
 26
 22
 32
 33
 34
 28
 33
 34
 36
 36
 45
 42
 36
 38
 37
 33
 35
 38
 32
 35
 32
 33
 31
 28
 31
 29
 32
 24
 23
 34
 32
 34
 35
 35
 34
 33
 32
 38
 39
 28
 32
 29
 27
 29
 34
 35
 31
 26
 29
 39
 38
 38
 35
 35
 31
 35
 41
 40
 33
 27
 29
 29
 33
 35
 33
 30
 28
 29
 29
 40
 39
 41
 36
 33
 36
 35
 36
 33
 33
 24
 23
 21
 21
 29
 31
 30
 30
 29
 29
 31
 32
 35
 29
 24
 23
 24
 23
 27
 28
 29
 31
 30
 36
 37
 41
 37
 39
 36
 34
 29
 40
 38
 31
 32
 34
 34
 35
 31
 43
 46
 34
 37
 40
 39
 32
 31
 35
 36
 27
 26
 26
 36
 30
 29
 30
 33
 34
 36
 31
 40
 43
 32
 28
 30
 33
 28
 31
 41
 40
 31
 32
 35
 37
 39
 35
 45
 48
 39
 37
 40
 38
 36
 45
 37
 40
 40
 31
 32
 32
 34
 46
 46
 36
 41
 39
 35
 33
 36
 46
 47
 32
 33
 36
 34
 34
 31
 43
 41
 30
 33
 34
 30
 31
 31
 32
 32
 21
 22
 21
 22
 19
 26
 32
 34
 30
 30
 33
 38
 38
 37
 38
 31
 22
 22
 31
 31
 28
 22
 25
 27
 24
 32
 34
 34
 29
 26
 29
 28
 27
 41
 44
 33
 31
 33
 40
 38
 39
 56
 57
 42
 42
 44
 42
 44
 34
 49
 51
 35
 32
 57
 61
 62
 64
 70
 71
 56
 57
 32
 37
 38
 44
 49
 50
 39
 41
 40
 39
 40
 34
 48
 40
 33
 33
 35
 40
 43
 41
 43
 41
 31
 28
 29
 28
 28
 34
 30
 30
 32
 32
 30
 32
 28
 42
 44
 31
 33
 34
 32
 32
 34
 42
 45
 31
 31
 37
 36
 37
 36
 45
 45
 36
 38
 42
 46
 38
 33
 44
 46
 38
 39
 43
 36
 35
 35
 45
 45
 33
 32
 32
 35
 33
 33
 41
 36
 28
 26
 28
 28
 41
 41
 36
 37
 32
 32
 36
 41
 40
 37
 25
 24
 34
 36
 33
 33
 36
 25
 25
 27
 36
 38
 26
 28
 35
 37
 30
 32
 33
 35
 29
 30
 32
 30
 23
 22
 24
 33
 30
 29
 34
 33
 32
 32
 29
 31
 34
 22
 21
 29
 26
 24
 25
 28
 34
 32
 30
 30
 30
 24
 35
 35
 40
 39
 34
 34
 35
 39
 44
 46
 35
 34
 32
 31
 32
 38
 34
 30
 25
 25
 27
 31
 28
 30
 30
 35
 37
 37
 40
 39
 36
 35
 34
 42
 36
 30
 28
 33
 32
 34
 37
 54
 56
 45
 48
 49
 49
 45
 43
 45
 45
 26
 28
 35
 32
 30
 36
 34
 36
 31
 28
 41
 43
 30
 34
 37
 33
 33
 44
 45
 45
 33
 32
 35
 36
 33
 47
 49
 37
 38
 42
 42
 43
 39
 48
 50
 31
 30
 33
 32
 31
 30
 39
 40
 28
 30
 32
 33
 31
 33
 41
 43
 30
 31
 31
 32
 37
 38
 33
 35
 31
 35
 34
 43
 41
 42
 33
 34
 37
 38
 39
 41
 42
 38
 38
 40
 39
 39
 40
 45
 44
 32
 34
 34
 31
 33
 30
 40
 43
 30
 33
 37
 35
 35
 35
 37
 31
 28
 26
 26
 25
 33
 34
 33
 34
 34
 36
 30
 33
 36
 36
 23
 23
 29
 31
 24
 23
 39
 38
 43
 40
 44
 42
 38
 40
 49
 49
 37
 35
 31
 32
 31
 32
 40
 34
 27
 28
 30
 33
 30
 31
 44
 43
 32
 32
 33
 34
 33
 32
 48
 47
 32
 35
 38
 40
 39
 41
 50
 50
 34
 35
 34
 34
 33
 31
 31
 32
 27
 29
 32
 31
 33
 41
 38
 39
 32
 31
 42
 45
 43
 46
 45
 36
 37
 36
 50
 52
 39
 37
 35
 38
 33
 36
 46
 48
 31
 33
 36
 33
 33
 35
 38
 32
 25
 27
 26
 33
 28
 29
 33
 32
 36
 37
 34
 32
 35
 28
 31
 30
 27
 34
 30
 30
 31
 33
 27
 31
 34
 43
 44
 35
 38
 40
 42
 40
 40
 47
 44
 35
 38
 40
 42
 36
 35
 44
 41
 32
 33
 35
 33
 31
 34
 36
 36
 33
 34
 34
 33
 35
 34
 36
 25
 23
 27
 24
 33
 31
 28
 27
 28
 40
 40
 40
 38
 40
 35
 40
 38
 42
 41
 29
 27
 29
 28
 37
 34
 29
 30
 26
 33
 32
 33
 42
 45
 35
 34
 35
 34
 36
 31
 44
 47
 34
 33
 32
 47
 47
 42
 38
 40
 34
 31
 33
 44
 46
 34
 36
 35
 35
 33
 32
 41
 43
 36
 34
 36
 33
 35
 36
 38
 35
 26
 26
 20
 21
 29
 31
 30
 29
 28
 31
 32
 30
 38
 41
 39
 39
 39
 38
 38
 37
 49
 51
 38
 39
 30
 34
 36
 42
 39
 32
 30
 28
 29
 33
 45
 42
 43
 38
 38
 37
 40
 42
 52
 49
 36
 33
 31
 35
 34
 44
 43
 42
 32
 31
 32
 31
 33
 29
 31
 26
 31
 29
 30
 28
 40
 42
 40
 42
 47
 42
 37
 37
 47
 51
 38
 36
 36
 36
 34
 39
 40
 36
 30
 31
 30
 31
 26
 26
 40
 32
 32
 32
 35
 32
 34
 33
 40
 43
 33
 34
 34
 34
 31
 32
 32
 37
 27
 26
 41
 38
 37
 37
 39
 38
 40
 36
 52
 54
 39
 39
 39
 43
 42
 44
 50
 51
 32
 34
 36
 34
 35
 32
 34
 30
 30
 28
 30
 26
 46
 46
 44
 44
 46
 45
 37
 37
 52
 55
 34
 35
 40
 43
 38
 41
 54
 56
 36
 36
 37
 38
 39
 36
 49
 49
 33
 36
 38
 37
 36
 35
 42
 44
 32
 32
 33
 33
 31
 32
 45
 47
 41
 39
 41
 43
 50
 46
 45
 48
 36
 36
 30
 30
 33
 42
 31
 32
 33
 33
 26
 25
 37
 39
 37
 31
 46
 48
 43
 38
 41
 45
 35
 39
 47
 44
 33
 33
 31
 32
 32
 29
 46
 44
 39
 41
 40
 36
 38
 43
 42
 47
 30
 32
 32
 27
 31
 34
 34
 26
 27
 35
 34
 29
 33
 36
 32
 31
 27
 36
 40
 29
 28
 32
 33
 40
 40
 40
 38
 31
 31
 37
 35
 37
 34
 30
 29
 29
 28
 28
 30
 25
 30
 27
 31
 29
 30
 32
 30
 29
 31
 41
 39
 36
 32
 30
 33
 34
 46
 46
 40
 33
 32
 32
 35
 38
 39
 41
 30
 29
 32
 29
 29
 29
 33
 32
 25
 27
 27
 28
 27
 29
 28
 37
 33
 30
 31
 28
 30
 27
 26
 37
 37
 31
 29
 28
 28
 30
 31
 33
 31
 23
 24
 27
 27
 23
 36
 36
 34
 30
 34
 33
 34
 33
 42
 45
 31
 32
 30
 33
 37
 33
 41
 39
 31
 31
 33
 38
 40
 45
 39
 40
 34
 33
 35
 39
 35
 41
 37
 31
 32
 33
 34
 34
 32
 35
 36
 31
 29
 29
 28
 27
 26
 29
 27
 21
 24
 24
 25
 33
 33
 37
 39
 38
 39
 36
 34
 44
 41
 35
 34
 35
 34
 33
 35
 36
 28
 20
 23
 23
 24
 31
 27
 28
 31
 32
 39
 41
 40
 41
 46
 38
 39
 44
 41
 43
 29
 33
 34
 31
 31
 30
 27
 22
 24
 32
 34
 32
 30
 26
 26
 27
 27
 35
 36
 26
 28
 31
 30
 31
 36
 41
 42
 32
 33
 35
 34
 32
 32
 34
 28
 23
 24
 25
 26
 36
 36
 36
 37
 36
 36
 35
 35
 35
 34
 23
 22
 22
 25
 21
 21
 22
 25
 34
 34
 34
 36
 40
 33
 36
 35
 42
 44
 34
 34
 36
 58
 51
 53
 57
 59
 53
 52
 55
 53
 27
 27
 41
 37
 29
 32
 31
 35
 29
 29
 42
 42
 31
 34
 35
 33
 36
 36
 46
 47
 35
 35
 33
 27
 29
 30
 41
 40
 32
 34
 36
 34
 37
 36
 36
 33
 23
 31
 31
 33
 31
 42
 38
 37
 37
 37
 37
 34
 32
 37
 37
 24
 30
 30
 32
 30
 42
 39
 40
 33
 30
 33
 30
 32
 42
 44
 36
 38
 37
 37
 36
 35
 45
 47
 36
 33
 31
 37
 32
 33
 43
 37
 32
 29
 32
 33
 32
 45
 46
 46
 36
 38
 37
 38
 36
 53
 55
 42
 43
 48
 49
 48
 50
 52
 45
 35
 37
 29
 29
 37
 36
 36
 33
 33
 29
 27
 30
 30
 30
 24
 23
 39
 38
 36
 36
 36
 34
 36
 41
 47
 48
 31
 33
 34
 31
 35
 33
 45
 38
 30
 33
 35
 31
 34
 40
 39
 40
 26
 29
 29
 29
 29
 30
 40
 31
 32
 32
 35
 33
 35
 32
 40
 43
 33
 33
 32
 36
 31
 34
 42
 44
 31
 30
 32
 32
 36
 40
 38
 40
 35
 37
 34
 37
 34
 45
 39
 34
 36
 35
 34
 28
 29
 41
 44
 33
 34
 35
 32
 34
 35
 38
 32
 25
 23
 28
 24
 24
 24
 34
 33
 30
 31
 31
 34
 28
 41
 44
 43
 33
 33
 37
 35
 35
 42
 44
 30
 27
 28
 30
 31
 28
 35
 32
 24
 25
 32
 32
 32
 32
 30
 31
 28
 28
 28
 36
 28
 29
 32
 32
 31
 31
 33
 44
 39
 34
 33
 33
 32
 30
 27
 36
 36
 25
 27
 24
 28
 29
 25
 37
 39
 31
 31
 32
 31
 33
 29
 42
 46
 34
 33
 34
 35
 36
 35
 45
 46
 33
 33
 37
 35
 37
 42
 40
 40
 32
 32
 33
 33
 32
 42
 37
 31
 30
 32
 28
 36
 37
 40
 36
 30
 30
 33
 35
 47
 49
 45
 44
 39
 38
 38
 40
 55
 50
 37
 40
 31
 33
 32
 34
 41
 43
 33
 33
 35
 31
 33
 32
 44
 39
 32
 34
 27
 28
 28
 31
 44
 45
 35
 38
 38
 35
 37
 34
 45
 45
 33
 32
 35
 33
 43
 45
 49
 48
 39
 41
 38
 40
 48
 51
 36
 36
 34
 34
 36
 35
 45
 45
 36
 34
 35
 37
 37
 39
 45
 42
 37
 39
 39
 37
 37
 36
 47
 42
 36
 35
 34
 33
 34
 38
 36
 40
 29
 29
 29
 32
 30
 28
 30
 31
 32
 42
 38
 38
 38
 43
 41
 40
 39
 48
 48
 36
 37
 42
 43
 38
 37
 51
 52
 36
 42
 43
 42
 37
 36
 50
 50
 37
 43
 42
 35
 40
 41
 50
 51
 37
 39
 40
 32
 31
 46
 37
 39
 34
 35
 37
 39
 33
 48
 51
 37
 38
 38
 41
 40
 41
 45
 46
 33
 35
 36
 34
 34
 29
 45
 45
 34
 35
 42
 37
 33
 33
 48
 50
 37
 36
 39
 42
 35
 42
 40
 42
 27
 30
 28
 28
 26
 37
 38
 34
 36
 39
 41
 40
 40
 45
 48
 33
 35
 37
 35
 30
 34
 37
 34
 29
 27
 29
 28
 28
 35
 38
 33
 31
 33
 32
 32
 30
 43
 41
 35
 36
 35
 34
 28
 30
 37
 39
 28
 30
 32
 29
 32
 33
 42
 37
 31
 32
 31
 34
 32
 32
 41
 43
 33
 38
 39
 39
 39
 43
 49
 51
 37
 38
 39
 36
 34
 31
 47
 41
 34
 37
 38
 36
 36
 37
 48
 51
 36
 35
 34
 31
 34
 38
 47
 48
 36
 35
 38
 37
 38
 39
 48
 43
 32
 33
 35
 34
 32
 34
 42
 39
 29
 30
 32
 32
 32
 32
 36
 30
 25
 26
 27
 40
 37
 42
 39
 41
 37
 42
 47
 46
 46
 33
 37
 30
 29
 34
 36
 36
 33
 30
 30
 29
 31
 31
 34
 26
 27
 23
 30
 30
 31
 30
 31
 32
 28
 30
 30
 30
 19
 23
 21
 31
 29
 28
 34
 33
 33
 33
 35
 44
 46
 36
 38
 42
 34
 34
 31
 45
 47
 34
 34
 33
 35
 34
 34
 40
 43
 34
 34
 35
 32
 42
 40
 34
 36
 35
 39
 35
 38
 35
 37
 30
 32
 40
 37
 34
 30
 33
 28
 27
 28
 27
 28
 32
 33
 30
 32
 27
 29
 30
 31
 41
 42
 31
 30
 31
 29
 34
 34
 36
 35
 25
 24
 28
 30
 30
 32
 25
 25
 26
 28
 30
 30
 27
 24
 26
 27
 29
 30
 26
 26
 28
 25
 27
 28
 37
 34
 31
 34
 35
 37
 36
 35
 46
 44
 34
 33
 36
 34
 29
 33
 34
 37
 29
 30
 38
 40
 41
 42
 44
 40
 43
 29
 39
 41
 35
 35
 28
 29
 31
 31
 31
 32
 28
 28
 30
 41
 39
 38
 37
 39
 31
 32
 48
 50
 50
 43
 46
 46
 48
 48
 54
 55
 36
 35
 37
 36
 31
 35
 35
 34
 26
 29
 29
 38
 37
 29
 31
 34
 31
 33
 39
 34
 36
 29
 29
 30
 31
 38
 39
 38
 31
 35
 34
 32
 34
 36
 30
 23
 27
 31
 41
 37
 37
 38
 29
 30
 31
 36
 44
 42
 32
 30
 31
 32
 34
 33
 38
 38
 29
 30
 35
 34
 35
 39
 34
 35
 25
 28
 25
 27
 27
 27
 41
 32
 32
 36
 39
 37
 39
 50
 47
 47
 32
 34
 35
 34
 36
 48
 47
 36
 37
 41
 44
 43
 43
 52
 49
 35
 37
 35
 30
 27
 26
 35
 38
 28
 30
 33
 30
 29
 31
 40
 35
 31
 32
 31
 28
 29
 31
 41
 41
 32
 33
 31
 31
 33
 39
 40
 38
 32
 33
 34
 32
 32
 42
 43
 38
 37
 39
 39
 50
 46
 47
 47
 36
 39
 32
 33
 42
 44
 30
 32
 33
 30
 37
 32
 34
 35
 36
 36
 36
 39
 37
 37
 32
 36
 41
 39
 34
 32
 35
 32
 32
 44
 44
 39
 32
 34
 32
 32
 31
 31
 33
 23
 34
 33
 33
 29
 30
 31
 32
 40
 41
 41
 31
 32
 38
 37
 37
 47
 44
 32
 35
 33
 32
 36
 32
 33
 34
 25
 25
 27
 25
 40
 42
 43
 42
 44
 556
 557
 557
 555
 538
 539
 539
 538
 549
 548
 37
 38
 37
 38
 39
 38
 47
 49
 31
 34
 34
 31
 30
 33
 40
 34
 28
 30
 30
 30
 29
 31
 42
 44
 34
 36
 35
 33
 31
 33
 48
 40
 35
 36
 37
 35
 37
 37
 44
 45
 30
 30
 29
 31
 30
 33
 40
 42
 32
 31
 31
 33
 37
 34
 44
 42
 34
 33
 38
 36
 38
 36
 35
 32
 27
 26
 33
 31
 32
 33
 31
 32
 40
 43
 38
 37
 33
 35
 30
 42
 45
 42
 38
 33
 36
 36
 35
 44
 44
 32
 31
 32
 31
 34
 34
 47
 50
 36
 36
 38
 38
 37
 40
 40
 40
 27
 27
 29
 41
 33
 34
 35
 38
 35
 32
 30
 47
 43
 34
 34
 36
 39
 32
 32
 45
 48
 32
 34
 37
 35
 37
 44
 42
 43
 32
 31
 36
 37
 34
 47
 44
 38
 40
 41
 44
 42
 38
 49
 52
 38
 39
 39
 38
 36
 32
 42
 42
 30
 32
 31
 34
 33
 33
 42
 41
 31
 30
 30
 32
 33
 30
 44
 44
 39
 36
 38
 40
 43
 39
 40
 43
 33
 31
 26
 26
 26
 27
 24
 24
 25
 24
 20
 27
 26
 26
 29
 22
 27
 36
 38
 37
 37
 35
 45
 46
 47
 48
 44
 37
 36
 36
 36
 30
 23
 23
 27
 26
 33
 36
 36
 31
 33
 34
 34
 47
 44
 40
 32
 34
 35
 37
 45
 48
 48
 35
 36
 38
 42
 45
 45
 41
 29
 29
 30
 30
 28
 38
 36
 32
 32
 37
 36
 35
 38
 48
 48
 34
 35
 34
 35
 31
 33
 48
 42
 34
 34
 37
 36
 36
 35
 48
 45
 38
 37
 38
 38
 36
 35
 48
 47
 34
 34
 32
 34
 34
 33
 40
 41
 32
 34
 36
 35
 32
 31
 38
 41
 30
 31
 35
 34
 34
 34
 37
 37
 24
 26
 28
 28
 38
 36
 32
 32
 28
 30
 33
 35
 40
 42
 31
 32
 37
 35
 36
 38
 48
 46
 36
 32
 34
 37
 42
 43
 43
 46
 32
 33
 31
 31
 33
 27
 21
 19
 30
 29
 29
 29
 30
 32
 28
 37
 38
 41
 33
 32
 35
 36
 33
 33
 37
 29
 27
 21
 21
 31
 34
 32
 34
 35
 33
 29
 28
 39
 41
 29
 29
 33
 27
 30
 27
 37
 39
 30
 32
 32
 33
 34
 36
 44
 46
 35
 34
 34
 34
 36
 32
 43
 42
 36
 35
 37
 33
 34
 32
 31
 32
 29
 37
 30
 30
 30
 33
 33
 36
 36
 35
 37
 26
 25
 28
 30
 42
 39
 35
 36
 35
 34
 37
 45
 47
 40
 31
 30
 31
 31
 35
 43
 35
 31
 28
 30
 37
 35
 36
 47
 45
 34
 33
 33
 37
 37
 30
 42
 43
 34
 37
 42
 39
 41
 38
 45
 47
 34
 35
 33
 33
 28
 30
 38
 39
 30
 35
 40
 39
 41
 39
 43
 38
 31
 33
 35
 28
 33
 36
 33
 35
 34
 34
 31
 29
 38
 40
 29
 32
 34
 37
 33
 40
 41
 41
 32
 32
 35
 32
 41
 34
 34
 32
 34
 34
 32
 33
 42
 44
 33
 34
 33
 35
 27
 29
 37
 40
 30
 32
 34
 36
 37
 41
 34
 35
 30
 41
 39
 38
 40
 34
 33
 29
 30
 40
 41
 27
 29
 30
 26
 33
 44
 45
 43
 35
 34
 36
 37
 44
 46
 38
 30
 28
 33
 31
 41
 40
 38
 30
 31
 32
 30
 43
 43
 43
 31
 34
 35
 34
 33
 44
 47
 34
 36
 40
 39
 35
 35
 44
 46
 31
 30
 31
 32
 29
 26
 41
 43
 34
 34
 34
 33
 33
 36
 44
 46
 31
 33
 38
 39
 40
 41
 41
 35
 27
 26
 28
 29
 33
 30
 29
 31
 31
 33
 31
 38
 41
 36
 29
 29
 29
 31
 32
 36
 38
 28
 29
 28
 37
 35
 38
 38
 38
 30
 28
 36
 34
 33
 30
 30
 26
 31
 33
 37
 40
 32
 30
 33
 31
 30
 40
 37
 33
 27
 29
 30
 30
 26
 37
 40
 29
 31
 32
 34
 32
 38
 37
 39
 29
 31
 32
 30
 34
 34
 32
 27
 29
 26
 30
 38
 39
 35
 34
 35
 34
 34
 33
 43
 39
 30
 31
 32
 36
 36
 37
 45
 41
 35
 35
 34
 35
 36
 27
 31
 30
 25
 22
 25
 25
 24
 33
 35
 37
 35
 38
 37
 37
 38
 43
 45
 33
 32
 34
 32
 31
 28
 38
 32
 29
 30
 29
 34
 32
 33
 38
 39
 34
 34
 35
 33
 33
 33
 33
 28
 20
 21
 23
 28
 27
 30
 30
 33
 30
 30
 35
 35
 33
 24
 26
 25
 35
 30
 30
 32
 28
 31
 30
 29
 41
 42
 32
 31
 33
 36
 38
 36
 43
 44
 32
 38
 37
 38
 37
 34
 32
 33
 22
 24
 26
 22
 34
 32
 33
 32
 28
 30
 33
 31
 43
 44
 33
 31
 32
 29
 31
 29
 38
 39
 28
 28
 28
 33
 34
 34
 42
 43
 33
 31
 28
 32
 35
 32
 38
 40
 32
 33
 35
 33
 35
 31
 40
 42
 33
 31
 35
 32
 31
 34
 47
 47
 35
 38
 36
 36
 34
 40
 40
 43
 26
 27
 36
 38
 41
 42
 41
 39
 36
 33
 42
 44
 33
 33
 26
 30
 30
 30
 45
 41
 36
 37
 37
 36
 38
 38
 44
 41
 28
 29
 29
 26
 26
 24
 37
 36
 30
 32
 31
 28
 33
 45
 47
 48
 37
 37
 41
 41
 43
 44
 44
 33
 33
 36
 35
 37
 39
 32
 33
 37
 36
 35
 36
 32
 34
 35
 31
 30
 34
 38
 39
 37
 36
 35
 33
 31
 39
 39
 36
 30
 34
 32
 33
 40
 41
 40
 32
 32
 34
 32
 41
 42
 41
 38
 37
 40
 37
 51
 51
 49
 39
 40
 30
 30
 31
 43
 45
 32
 34
 33
 35
 37
 38
 47
 48
 34
 35
 36
 33
 36
 35
 35
 31
 24
 25
 23
 23
 33
 33
 33
 34
 35
 32
 33
 42
 44
 45
 30
 32
 34
 33
 38
 41
 40
 28
 28
 26
 27
 31
 32
 37
 29
 31
 33
 35
 52
 53
 56
 52
 68
 60
 59
 60
 39
 39
 42
 42
 45
 42
 31
 32
 34
 35
 42
 36
 44
 46
 35
 36
 39
 39
 36
 47
 43
 39
 32
 33
 39
 47
 43
 44
 44
 36
 34
 34
 34
 46
 47
 38
 43
 44
 50
 45
 46
 57
 58
 42
 31
 33
 34
 35
 39
 41
 40
 29
 32
 33
 33
 37
 38
 36
 28
 28
 29
 42
 39
 34
 35
 35
 35
 36
 33
 44
 44
 30
 28
 31
 30
 40
 41
 40
 39
 35
 37
 37
 37
 44
 46
 31
 31
 35
 32
 35
 44
 39
 41
 41
 41
 46
 45
 43
 44
 36
 28
 28
 28
 27
 29
 36
 38
 36
 31
 31
 31
 32
 44
 47
 41
 32
 28
 30
 31
 30
 44
 43
 32
 30
 31
 33
 33
 38
 42
 43
 32
 32
 34
 34
 40
 47
 42
 37
 35
 40
 38
 39
 46
 46
 36
 31
 31
 32
 29
 28
 37
 39
 29
 31
 33
 31
 32
 27
 37
 35
 28
 26
 27
 29
 28
 29
 40
 43
 33
 31
 33
 35
 35
 36
 40
 42
 30
 32
 37
 38
 37
 34
 44
 46
 40
 37
 39
 40
 38
 41
 40
 37
 30
 30
 26
 25
 38
 33
 32
 31
 33
 35
 48
 49
 43
 43
 40
 45
 45
 43
 50
 51
 36
 38
 36
 36
 33
 27
 30
 32
 23
 22
 24
 30
 33
 34
 37
 34
 31
 35
 37
 43
 45
 38
 37
 35
 32
 36
 35
 40
 40
 32
 33
 30
 34
 30
 30
 30
 31
 22
 23
 25
 25
 23
 24
 24
 29
 30
 38
 38
 38
 34
 34
 35
 33
 47
 45
 43
 31
 34
 33
 34
 36
 46
 47
 33
 31
 31
 33
 32
 30
 32
 26
 16
 18
 18
 19
 30
 29
 29
 31
 28
 30
 34
 31
 44
 43
 32
 34
 33
 31
 32
 30
 39
 42
 28
 29
 33
 31
 31
 31
 44
 46
 33
 31
 35
 36
 34
 35
 38
 38
 29
 28
 39
 38
 34
 39
 34
 37
 31
 35
 40
 42
 30
 36
 36
 33
 34
 33
 43
 41
 34
 32
 38
 31
 33
 41
 43
 41
 39
 38
 40
 42
 37
 48
 47
 39
 39
 39
 35
 43
 40
 32
 35
 29
 34
 33
 33
 36
 29
 22
 23
 25
 28
 29
 26
 30
 35
 34
 37
 37
 37
 36
 34
 40
 46
 38
 32
 34
 30
 32
 32
 29
 33
 27
 24
 25
 31
 31
 30
 29
 29
 33
 35
 32
 27
 26
 25
 27
 29
 34
 36
 33
 31
 31
 32
 35
 43
 35
 36
 33
 32
 35
 34
 38
 45
 43
 33
 34
 37
 35
 36
 37
 38
 37
 26
 25
 28
 31
 26
 27
 31
 24
 27
 33
 33
 35
 33
 29
 31
 44
 42
 43
 44
 37
 36
 36
 37
 45
 42
 29
 29
 31
 26
 30
 29
 40
 36
 30
 32
 29
 31
 33
 39
 36
 39
 28
 30
 30
 36
 38
 36
 34
 28
 30
 28
 30
 37
 38
 31
 31
 32
 31
 42
 40
 42
 40
 32
 31
 33
 28
 30
 30
 27
 21
 35
 37
 37
 44
 39
 41
 37
 39
 50
 50
 34
 36
 45
 38
 37
 37
 36
 39
 31
 33
 46
 46
 35
 38
 40
 41
 37
 44
 45
 45
 35
 35
 39
 38
 35
 36
 37
 28
 29
 32
 41
 39
 36
 37
 37
 35
 33
 32
 41
 35
 28
 30
 30
 28
 29
 30
 31
 35
 24
 25
 25
 32
 33
 33
 33
 28
 30
 28
 30
 34
 34
 27
 27
 29
 36
 37
 34
 35
 32
 29
 29
 28
 32
 31
 26
 24
 29
 36
 35
 36
 42
 40
 39
 38
 38
 38
 37
 27
 26
 29
 36
 36
 34
 35
 35
 35
 32
 33
 49
 40
 32
 35
 37
 33
 33
 32
 43
 44
 33
 33
 35
 34
 33
 37
 45
 46
 36
 36
 31
 33
 34
 36
 46
 40
 35
 35
 35
 38
 36
 37
 41
 38
 31
 33
 32
 36
 35
 30
 38
 39
 34
 32
 34
 41
 42
 39
 39
 42
 36
 35
 31
 41
 39
 32
 34
 36
 37
 34
 32
 44
 41
 34
 35
 34
 37
 36
 33
 44
 40
 28
 29
 31
 29
 31
 32
 32
 32
 22
 29
 28
 33
 33
 33
 30
 32
 32
 35
 42
 35
 37
 34
 34
 33
 34
 37
 37
 32
 26
 24
 25
 24
 23
 23
 33
 30
 26
 27
 26
 29
 29
 38
 36
 38
 27
 27
 31
 32
 34
 40
 42
 30
 34
 33
 34
 35
 36
 38
 40
 34
 34
 37
 38
 40
 35
 39
 34
 29
 31
 33
 32
 39
 37
 33
 34
 33
 33
 34
 33
 40
 41
 30
 30
 31
 31
 30
 35
 36
 32
 28
 29
 31
 33
 41
 41
 41
 38
 38
 37
 35
 38
 38
 38
 29
 32
 35
 41
 35
 35
 37
 36
 35
 32
 31
 34
 30
 24
 27
 27
 28
 35
 33
 33
 37
 31
 34
 34
 33
 43
 37
 33
 34
 33
 35
 33
 33
 42
 39
 33
 33
 34
 29
 31
 34
 35
 31
 24
 30
 29
 32
 30
 33
 41
 35
 33
 35
 35
 33
 30
 29
 39
 37
 27
 34
 33
 33
 33
 35
 45
 40
 34
 33
 34
 30
 27
 27
 38
 37
 28
 29
 31
 30
 31
 31
 41
 41
 31
 32
 33
 32
 34
 33
 47
 47
 35
 36
 37
 37
 40
 41
 49
 46
 33
 34
 34
 33
 31
 33
 39
 36
 28
 30
 30
 30
 31
 31
 43
 42
 32
 31
 33
 34
 35
 36
 45
 46
 33
 36
 31
 32
 32
 31
 40
 37
 30
 33
 33
 30
 33
 36
 37
 33
 26
 27
 28
 28
 26
 29
 33
 26
 26
 27
 31
 29
 40
 40
 41
 41
 35
 34
 35
 36
 49
 41
 33
 32
 32
 33
 35
 37
 46
 45
 32
 33
 33
 31
 33
 32
 41
 37
 30
 31
 29
 30
 33
 32
 40
 42
 29
 32
 30
 31
 31
 34
 41
 41
 30
 30
 32
 30
 33
 34
 41
 37
 31
 34
 32
 33
 35
 39
 39
 34
 26
 26
 27
 25
 26
 33
 36
 29
 30
 31
 33
 34
 35
 32
 40
 32
 26
 28
 32
 30
 45
 49
 49
 53
 44
 47
 57
 58
 34
 37
 39
 37
 37
 35
 49
 48
 36
 38
 39
 38
 33
 33
 44
 46
 32
 38
 41
 39
 39
 37
 48
 50
 37
 36
 36
 34
 31
 31
 43
 44
 32
 32
 32
 32
 33
 34
 32
 35
 25
 26
 25
 36
 37
 44
 42
 42
 37
 36
 39
 42
 41
 29
 31
 24
 25
 24
 25
 29
 21
 23
 23
 40
 42
 42
 42
 40
 42
 37
 38
 53
 55
 39
 42
 43
 40
 40
 43
 44
 45
 29
 28
 31
 28
 29
 40
 40
 31
 33
 35
 37
 43
 46
 56
 57
 47
 45
 46
 46
 44
 47
 49
 41
 34
 35
 31
 31
 35
 31
 44
 39
 32
 31
 30
 31
 30
 32
 36
 36
 26
 26
 27
 35
 36
 34
 36
 35
 32
 33
 33
 44
 42
 34
 37
 38
 35
 37
 36
 47
 45
 35
 35
 35
 31
 32
 33
 46
 47
 34
 38
 37
 37
 41
 42
 48
 50
 36
 33
 35
 32
 32
 34
 35
 36
 23
 25
 24
 25
 22
 26
 26
 26
 27
 26
 40
 38
 38
 38
 40
 39
 40
 32
 49
 51
 40
 37
 35
 36
 35
 38
 45
 47
 29
 30
 32
 30
 32
 33
 44
 41
 31
 32
 31
 32
 30
 29
 41
 36
 28
 30
 31
 27
 28
 38
 36
 44
 34
 35
 38
 36
 37
 53
 49
 41
 41
 40
 36
 36
 38
 49
 49
 30
 33
 36
 39
 39
 47
 46
 45
 34
 34
 36
 35
 31
 32
 33
 27
 31
 29
 32
 30
 29
 27
 40
 34
 37
 41
 33
 35
 33
 35
 49
 48
 40
 41
 41
 30
 32
 36
 42
 42
 31
 30
 25
 27
 27
 29
 28
 27
 29
 31
 33
 36
 34
 33
 32
 41
 42
 38
 33
 33
 35
 30
 33
 47
 46
 35
 36
 35
 36
 40
 39
 51
 50
 36
 35
 37
 39
 39
 37
 41
 43
 32
 30
 31
 32
 31
 29
 44
 43
 34
 33
 33
 35
 37
 37
 49
 48
 35
 34
 35
 33
 36
 38
 44
 45
 35
 34
 36
 36
 31
 33
 45
 47
 38
 39
 40
 44
 42
 41
 40
 42
 27
 26
 24
 27
 26
 23
 33
 31
 30
 34
 37
 35
 39
 41
 46
 47
 35
 37
 38
 40
 37
 37
 43
 41
 35
 35
 36
 36
 35
 30
 40
 43
 34
 35
 37
 38
 35
 28
 42
 42
 31
 31
 33
 33
 39
 37
 36
 37
 27
 28
 38
 40
 37
 35
 29
 30
 32
 34
 41
 43
 33
 30
 29
 30
 29
 41
 38
 37
 26
 27
 33
 32
 30
 43
 47
 37
 38
 36
 39
 40
 35
 42
 42
 30
 27
 26
 29
 29
 35
 36
 35
 26
 30
 31
 31
 33
 38
 39
 31
 37
 36
 35
 34
 44
 42
 41
 38
 40
 41
 37
 37
 40
 42
 31
 28
 32
 40
 34
 31
 32
 35
 35
 33
 41
 43
 37
 33
 31
 33
 35
 32
 35
 32
 25
 23
 26
 25
 35
 36
 32
 35
 34
 36
 37
 39
 48
 44
 36
 37
 36
 36
 37
 38
 41
 39
 28
 26
 25
 33
 42
 42
 39
 38
 32
 30
 32
 35
 46
 37
 30
 34
 35
 34
 35
 37
 44
 41
 32
 33
 33
 32
 29
 30
 43
 40
 30
 34
 34
 35
 34
 43
 42
 46
 32
 33
 33
 36
 34
 34
 34
 28
 27
 23
 31
 33
 36
 38
 38
 34
 34
 36
 38
 38
 28
 28
 32
 26
 37
 40
 39
 35
 32
 34
 34
 40
 30
 31
 27
 27
 28
 28
 34
 31
 35
 34
 31
 32
 32
 29
 30
 40
 34
 34
 32
 34
 32
 27
 27
 32
 30
 22
 34
 35
 32
 32
 37
 36
 42
 37
 43
 41
 32
 33
 35
 38
 31
 41
 35
 35
 31
 32
 39
 38
 36
 41
 42
 33
 33
 36
 37
 35
 29
 32
 33
 25
 27
 27
 30
 35
 37
 35
 34
 38
 37
 34
 32
 42
 40
 29
 30
 30
 31
 41
 40
 40
 45
 34
 32
 40
 43
 43
 42
 30
 31
 33
 31
 33
 34
 27
 24
 27
 27
 39
 37
 35
 36
 33
 35
 33
 35
 42
 42
 29
 30
 30
 26
 31
 30
 34
 35
 26
 30
 37
 38
 37
 39
 35
 35
 34
 34
 34
 31
 27
 34
 37
 36
 32
 37
 35
 37
 35
 36
 37
 27
 28
 30
 30
 25
 36
 35
 36
 39
 33
 34
 34
 33
 42
 41
 31
 32
 33
 26
 27
 27
 36
 36
 25
 26
 31
 30
 26
 31
 31
 31
 24
 24
 24
 24
 27
 26
 29
 28
 23
 26
 34
 32
 30
 33
 26
 29
 38
 36
 32
 36
 32
 33
 33
 35
 38
 36
 25
 23
 28
 26
 24
 28
 27
 26
 25
 26
 26
 25
 21
 23
 23
 28
 29
 28
 27
 30
 31
 40
 37
 36
 38
 32
 31
 32
 34
 33
 32
 25
 23
 27
 24
 24
 25
 24
 23
 20
 23
 26
 35
 31
 31
 31
 32
 33
 35
 37
 37
 30
 23
 24
 27
 26
 31
 31
 36
 32
 32
 34
 34
 33
 32
 44
 36
 36
 32
 32
 36
 35
 33
 40
 40
 33
 31
 33
 40
 43
 39
 38
 40
 32
 34
 34
 33
 35
 26
 24
 29
 30
 28
 30
 34
 27
 31
 30
 30
 29
 36
 35
 41
 39
 36
 40
 37
 35
 41
 44
 33
 34
 30
 39
 39
 34
 34
 33
 33
 33
 37
 41
 44
 35
 35
 37
 39
 40
 38
 35
 28
 31
 26
 25
 22
 24
 17
 18
 18
 20
 31
 26
 26
 30
 33
 33
 35
 35
 39
 49
 37
 36
 39
 37
 37
 35
 43
 39
 37
 32
 30
 32
 28
 43
 46
 42
 39
 39
 39
 36
 37
 46
 48
 33
 38
 36
 35
 31
 34
 43
 43
 30
 31
 36
 29
 28
 45
 47
 42
 36
 34
 37
 36
 31
 42
 39
 28
 28
 32
 30
 32
 33
 35
 31
 24
 25
 32
 34
 32
 28
 32
 31
 35
 34
 40
 43
 34
 37
 36
 39
 38
 38
 32
 42
 38
 35
 36
 37
 38
 33
 35
 45
 43
 34
 35
 32
 36
 41
 41
 45
 40
 33
 33
 51
 52
 55
 57
 52
 54
 53
 55
 37
 36
 38
 35
 41
 35
 38
 34
 38
 39
 40
 40
 42
 40
 31
 30
 29
 26
 31
 32
 35
 34
 31
 34
 33
 31
 34
 34
 23
 24
 23
 25
 29
 27
 30
 30
 33
 31
 39
 38
 37
 35
 29
 29
 35
 37
 35
 32
 30
 32
 31
 39
 42
 39
 33
 33
 34
 34
 33
 33
 35
 24
 24
 27
 24
 22
 26
 24
 24
 26
 22
 22
 38
 35
 35
 37
 36
 34
 38
 35
 51
 52
 35
 38
 38
 39
 39
 43
 51
 52
 35
 36
 37
 35
 36
 37
 44
 44
 32
 32
 31
 31
 31
 29
 44
 41
 34
 35
 37
 38
 40
 42
 46
 48
 32
 32
 34
 35
 33
 30
 37
 39
 31
 31
 35
 37
 35
 34
 31
 34
 26
 27
 29
 39
 30
 27
 29
 32
 40
 38
 39
 48
 46
 36
 38
 37
 39
 43
 34
 45
 48
 35
 37
 38
 35
 36
 27
 38
 41
 30
 30
 29
 31
 32
 33
 43
 41
 28
 30
 31
 35
 30
 32
 43
 41
 30
 33
 35
 34
 35
 36
 45
 46
 32
 33
 33
 34
 32
 32
 33
 25
 23
 23
 24
 33
 31
 32
 32
 29
 32
 38
 34
 41
 43
 36
 35
 37
 39
 36
 44
 34
 33
 29
 30
 31
 33
 32
 40
 42
 30
 33
 31
 33
 34
 34
 39
 41
 30
 30
 31
 31
 30
 29
 42
 44
 36
 38
 40
 38
 38
 38
 36
 38
 26
 27
 29
 25
 33
 33
 36
 34
 34
 33
 35
 46
 36
 37
 31
 33
 29
 45
 45
 45
 47
 39
 39
 37
 39
 46
 47
 33
 31
 35
 34
 34
 32
 35
 33
 25
 30
 42
 40
 39
 41
 41
 41
 37
 39
 49
 48
 37
 37
 39
 38
 33
 35
 44
 40
 35
 35
 32
 31
 32
 29
 43
 42
 33
 35
 35
 33
 31
 31
 42
 44
 30
 29
 33
 31
 30
 41
 42
 41
 29
 26
 30
 35
 39
 40
 44
 34
 36
 33
 33
 35
 42
 39
 29
 33
 30
 32
 30
 32
 44
 41
 31
 33
 33
 33
 35
 31
 34
 28
 20
 22
 21
 20
 25
 27
 25
 26
 30
 32
 32
 33
 36
 39
 34
 36
 44
 45
 37
 38
 38
 35
 34
 22
 34
 36
 28
 32
 30
 31
 34
 36
 46
 45
 33
 33
 33
 34
 36
 35
 39
 39
 27
 31
 33
 35
 34
 41
 38
 45
 37
 40
 51
 48
 46
 42
 42
 38
 37
 29
 39
 41
 31
 36
 36
 37
 40
 38
 49
 44
 38
 35
 37
 36
 38
 36
 45
 45
 34
 34
 34
 36
 35
 36
 47
 47
 33
 35
 36
 36
 35
 33
 45
 39
 31
 38
 40
 39
 36
 37
 49
 43
 36
 33
 35
 34
 31
 33
 45
 45
 33
 35
 35
 37
 35
 33
 38
 39
 32
 34
 36
 35
 34
 33
 48
 46
 35
 35
 36
 37
 33
 37
 45
 44
 30
 30
 31
 32
 33
 34
 37
 32
 30
 31
 40
 40
 39
 35
 36
 37
 35
 34
 41
 38
 32
 34
 32
 34
 34
 29
 32
 29
 24
 26
 35
 32
 34
 31
 34
 38
 42
 43
 41
 37
 32
 36
 36
 37
 35
 33
 43
 36
 37
 40
 42
 38
 38
 38
 43
 32
 26
 26
 27
 36
 31
 31
 32
 34
 28
 30
 43
 44
 43
 33
 37
 37
 35
 35
 45
 46
 36
 36
 36
 35
 33
 36
 38
 33
 28
 28
 27
 37
 37
 32
 35
 27
 29
 32
 28
 39
 40
 27
 28
 28
 29
 30
 30
 29
 31
 21
 22
 28
 29
 34
 28
 29
 29
 36
 41
 41
 37
 33
 37
 30
 32
 35
 41
 37
 31
 30
 34
 34
 32
 32
 38
 34
 29
 30
 38
 38
 34
 33
 33
 33
 25
 33
 33
 33
 25
 25
 25
 27
 25
 39
 41
 33
 35
 38
 33
 39
 41
 45
 45
 31
 34
 33
 38
 33
 34
 43
 42
 34
 32
 36
 36
 43
 33
 42
 46
 35
 34
 35
 37
 34
 30
 27
 27
 22
 25
 29
 37
 38
 37
 36
 37
 35
 34
 37
 44
 36
 31
 34
 33
 36
 37
 34
 41
 42
 32
 32
 34
 31
 29
 29
 44
 42
 33
 41
 34
 38
 35
 36
 45
 45
 31
 33
 33
 26
 28
 32
 33
 38
 29
 32
 31
 32
 37
 36
 43
 37
 38
 34
 33
 33
 42
 42
 38
 36
 29
 27
 29
 24
 30
 32
 24
 24
 24
 27
 34
 36
 34
 35
 32
 33
 31
 30
 37
 39
 27
 27
 33
 33
 31
 32
 33
 39
 29
 30
 31
 31
 36
 38
 36
 34
 37
 40
 43
 39
 46
 48
 37
 35
 39
 37
 35
 39
 38
 35
 29
 29
 28
 29
 28
 36
 37
 26
 28
 28
 28
 28
 28
 32
 28
 21
 20
 21
 19
 25
 30
 31
 29
 29
 30
 31
 34
 36
 45
 42
 39
 37
 38
 37
 43
 44
 41
 38
 35
 34
 31
 30
 32
 33
 29
 27
 28
 38
 34
 35
 30
 34
 31
 34
 32
 40
 43
 32
 33
 31
 31
 31
 43
 43
 34
 31
 31
 30
 33
 31
 46
 48
 32
 32
 36
 36
 36
 38
 43
 44
 31
 29
 32
 36
 33
 30
 41
 40
 31
 32
 33
 34
 33
 25
 39
 42
 33
 34
 33
 32
 32
 31
 42
 44
 32
 28
 30
 33
 34
 34
 42
 43
 31
 31
 31
 32
 29
 32
 37
 38
 28
 27
 28
 30
 30
 41
 41
 41
 33
 34
 36
 36
 34
 42
 43
 33
 31
 32
 34
 36
 37
 43
 44
 33
 34
 36
 34
 36
 33
 41
 36
 29
 32
 30
 30
 27
 36
 35
 35
 27
 29
 30
 28
 30
 36
 38
 30
 29
 31
 32
 31
 31
 33
 31
 25
 25
 26
 34
 31
 35
 34
 36
 33
 31
 37
 38
 30
 25
 24
 17
 29
 30
 32
 38
 31
 30
 30
 35
 35
 36
 30
 31
 34
 37
 38
 36
 36
 33
 31
 32
 30
 31
 29
 21
 21
 26
 26
 25
 24
 24
 24
 20
 33
 36
 38
 31
 33
 35
 37
 37
 47
 46
 32
 32
 34
 38
 53
 48
 61
 61
 51
 52
 51
 52
 58
 805
 808
 812
 805
 807
 808
 809
 806
 820
 48
 39
 40
 36
 39
 35
 36
 43
 40
 29
 30
 36
 33
 34
 34
 43
 45
 40
 37
 40
 42
 33
 37
 48
 50
 40
 39
 33
 33
 33
 36
 45
 42
 32
 34
 32
 31
 29
 30
 33
 34
 24
 23
 25
 37
 39
 35
 40
 41
 40
 36
 35
 48
 48
 32
 33
 33
 31
 33
 36
 37
 36
 29
 30
 30
 27
 40
 40
 40
 33
 33
 35
 32
 34
 44
 46
 34
 38
 40
 44
 42
 46
 47
 41
 36
 37
 38
 35
 47
 37
 40
 36
 35
 36
 35
 37
 46
 47
 33
 38
 39
 37
 37
 54
 54
 55
 48
 48
 44
 42
 41
 51
 51
 35
 35
 30
 29
 31
 41
 42
 42
 33
 31
 34
 33
 29
 39
 39
 30
 32
 31
 32
 32
 27
 45
 47
 37
 38
 39
 38
 39
 39
 54
 54
 39
 40
 44
 39
 39
 41
 43
 42
 27
 31
 30
 30
 39
 40
 39
 42
 41
 43
 39
 36
 47
 49
 39
 40
 39
 37
 38
 35
 45
 46
 35
 35
 33
 33
 34
 43
 46
 44
 34
 32
 37
 37
 48
 45
 46
 37
 36
 36
 39
 39
 47
 48
 35
 36
 37
 33
 33
 36
 44
 46
 36
 38
 38
 38
 36
 50
 49
 42
 37
 37
 39
 36
 40
 50
 49
 37
 40
 39
 34
 35
 32
 38
 35
 23
 25
 30
 25
 28
 32
 32
 33
 30
 31
 34
 41
 34
 34
 35
 37
 33
 36
 35
 44
 41
 33
 33
 33
 32
 32
 31
 32
 34
 24
 27
 32
 32
 42
 43
 43
 44
 40
 39
 39
 47
 41
 40
 32
 29
 32
 35
 32
 43
 46
 38
 37
 40
 39
 41
 56
 48
 47
 43
 42
 44
 41
 40
 52
 51
 34
 30
 31
 31
 32
 30
 36
 37
 24
 24
 23
 33
 31
 31
 29
 34
 34
 35
 38
 47
 48
 36
 37
 36
 36
 35
 29
 38
 37
 26
 27
 28
 24
 28
 32
 41
 42
 33
 35
 38
 34
 34
 34
 40
 38
 28
 28
 33
 30
 35
 36
 35
 35
 27
 29
 30
 43
 35
 37
 32
 33
 38
 37
 38
 53
 51
 40
 38
 39
 41
 42
 37
 42
 44
 28
 30
 31
 30
 35
 34
 37
 38
 30
 31
 33
 38
 33
 41
 35
 36
 35
 41
 40
 42
 38
 40
 41
 36
 35
 36
 34
 34
 35
 42
 45
 32
 34
 36
 35
 46
 45
 36
 39
 35
 36
 37
 45
 41
 48
 38
 39
 36
 38
 34
 44
 41
 35
 36
 32
 35
 34
 33
 44
 42
 35
 37
 35
 33
 36
 37
 45
 47
 36
 36
 33
 34
 31
 31
 33
 28
 22
 23
 24
 22
 24
 26
 29
 26
 25
 28
 25
 35
 36
 32
 32
 33
 28
 29
 29
 41
 42
 33
 35
 35
 36
 36
 38
 36
 37
 25
 25
 26
 33
 28
 26
 29
 34
 34
 33
 33
 44
 43
 33
 34
 35
 33
 31
 31
 45
 40
 33
 32
 33
 29
 32
 34
 44
 43
 32
 28
 31
 31
 31
 41
 44
 38
 29
 29
 27
 39
 40
 38
 36
 30
 30
 31
 36
 35
 35
 29
 29
 31
 28
 29
 25
 35
 29
 31
 32
 31
 33
 35
 36
 30
 32
 27
 26
 20
 24
 25
 24
 21
 20
 29
 30
 31
 29
 33
 29
 28
 36
 38
 38
 29
 32
 28
 30
 26
 31
 32
 28
 25
 28
 29
 29
 29
 37
 38
 31
 29
 31
 36
 34
 38
 27
 30
 27
 31
 31
 33
 36
 33
 45
 41
 40
 39
 39
 34
 36
 43
 39
 37
 26
 29
 33
 32
 31
 32
 30
 25
 23
 26
 25
 32
 30
 31
 32
 30
 31
 31
 31
 40
 41
 30
 31
 31
 35
 34
 36
 41
 43
 33
 34
 38
 37
 36
 35
 47
 45
 33
 34
 39
 39
 36
 40
 44
 43
 34
 33
 35
 34
 28
 32
 30
 26
 24
 23
 24
 24
 33
 34
 31
 29
 30
 31
 29
 32
 40
 42
 34
 32
 32
 31
 32
 33
 41
 39
 30
 28
 28
 30
 32
 38
 40
 35
 29
 29
 29
 30
 40
 40
 36
 30
 30
 35
 34
 34
 43
 40
 32
 28
 28
 29
 29
 29
 38
 40
 30
 31
 33
 33
 33
 32
 37
 33
 26
 24
 28
 36
 34
 33
 32
 35
 35
 35
 34
 45
 43
 35
 34
 33
 36
 39
 28
 32
 33
 25
 23
 26
 22
 33
 33
 34
 34
 31
 37
 34
 42
 42
 48
 39
 37
 30
 31
 32
 33
 31
 27
 27
 20
 29
 29
 32
 33
 36
 30
 31
 28
 43
 46
 36
 38
 30
 31
 39
 38
 53
 54
 38
 37
 39
 36
 40
 39
 49
 51
 38
 35
 40
 43
 42
 46
 44
 44
 31
 30
 29
 29
 34
 34
 32
 28
 32
 31
 29
 37
 34
 36
 35
 35
 33
 34
 31
 38
 40
 29
 31
 27
 22
 23
 25
 24
 37
 31
 30
 37
 38
 38
 40
 47
 48
 47
 39
 39
 41
 35
 32
 39
 41
 31
 30
 33
 27
 37
 39
 38
 36
 30
 26
 33
 39
 37
 40
 27
 28
 29
 31
 35
 35
 34
 26
 27
 27
 26
 28
 36
 35
 27
 29
 26
 27
 28
 27
 28
 37
 30
 28
 30
 33
 34
 31
 31
 41
 42
 29
 32
 31
 33
 27
 26
 38
 40
 31
 30
 31
 31
 34
 33
 39
 41
 31
 30
 31
 33
 32
 30
 32
 29
 23
 26
 26
 26
 37
 37
 34
 36
 38
 39
 39
 38
 44
 48
 40
 37
 40
 38
 34
 33
 45
 42
 33
 32
 28
 31
 29
 31
 40
 40
 28
 28
 33
 32
 33
 32
 36
 36
 25
 29
 36
 38
 34
 35
 40
 39
 37
 36
 43
 39
 33
 31
 31
 34
 30
 31
 43
 41
 35
 37
 40
 41
 42
 38
 39
 39
 27
 26
 27
 23
 27
 31
 27
 27
 29
 29
 29
 29
 29
 39
 35
 28
 31
 30
 28
 30
 29
 32
 32
 21
 23
 23
 30
 31
 30
 29
 29
 30
 27
 24
 34
 36
 27
 46
 49
 45
 49
 46
 60
 61
 53
 55
 36
 35
 34
 34
 40
 44
 29
 30
 33
 29
 33
 34
 44
 45
 39
 35
 37
 37
 38
 43
 50
 51
 34
 33
 34
 36
 33
 36
 44
 42
 29
 31
 31
 38
 36
 39
 42
 39
 32
 31
 48
 49
 49
 45
 47
 46
 43
 40
 52
 52
 31
 34
 40
 41
 44
 50
 49
 51
 39
 41
 43
 42
 36
 43
 34
 31
 32
 31
 35
 34
 31
 32
 38
 34
 35
 36
 36
 41
 38
 37
 49
 47
 37
 41
 40
 38
 37
 34
 35
 38
 25
 25
 29
 37
 38
 40
 39
 34
 36
 36
 39
 39
 34
 27
 26
 29
 30
 33
 33
 32
 31
 36
 37
 40
 40
 30
 31
 32
 35
 35
 34
 26
 29
 23
 27
 29
 25
 39
 35
 36
 35
 38
 39
 37
 37
 41
 41
 32
 35
 35
 33
 44
 43
 47
 43
 39
 39
 38
 33
 37
 36
 28
 30
 26
 36
 33
 31
 33
 38
 38
 35
 37
 42
 43
 32
 35
 37
 38
 39
 36
 46
 42
 35
 36
 36
 35
 32
 35
 34
 37
 30
 30
 30
 33
 31
 38
 39
 31
 25
 28
 30
 28
 36
 36
 36
 26
 28
 30
 32
 30
 35
 37
 29
 28
 30
 27
 24
 24
 38
 39
 30
 34
 38
 39
 39
 43
 40
 44
 34
 32
 34
 35
 28
 27
 38
 35
 35
 40
 38
 39
 39
 36
 48
 49
 39
 41
 46
 38
 40
 38
 45
 45
 33
 34
 33
 39
 34
 32
 34
 34
 31
 32
 31
 43
 39
 33
 37
 36
 36
 38
 46
 52
 51
 37
 40
 40
 34
 33
 41
 43
 35
 28
 27
 28
 27
 28
 41
 42
 32
 29
 31
 34
 38
 38
 45
 46
 33
 33
 34
 34
 36
 41
 31
 33
 29
 30
 32
 32
 30
 48
 46
 36
 38
 38
 36
 41
 42
 50
 52
 34
 37
 36
 38
 36
 37
 45
 39
 32
 34
 38
 39
 42
 44
 47
 44
 35
 35
 36
 32
 34
 38
 39
 32
 32
 33
 32
 32
 33
 46
 44
 33
 35
 34
 35
 32
 34
 36
 40
 40
 39
 36
 36
 37
 40
 39
 37
 45
 40
 30
 32
 36
 35
 37
 34
 39
 34
 28
 25
 27
 32
 35
 39
 37
 39
 36
 37
 37
 39
 48
 45
 34
 30
 32
 33
 32
 32
 42
 42
 34
 30
 32
 34
 34
 36
 34
 35
 25
 24
 25
 26
 27
 29
 28
 34
 35
 35
 36
 33
 33
 36
 41
 39
 42
 29
 28
 32
 30
 33
 33
 33
 30
 31
 29
 30
 32
 43
 43
 37
 37
 37
 35
 35
 38
 46
 47
 31
 30
 30
 28
 29
 30
 43
 42
 32
 31
 31
 34
 34
 36
 44
 44
 33
 35
 40
 38
 41
 39
 55
 51
 40
 40
 43
 39
 35
 37
 49
 48
 30
 37
 36
 36
 35
 34
 45
 47
 28
 29
 32
 29
 30
 43
 43
 42
 34
 34
 36
 40
 42
 46
 48
 33
 35
 35
 35
 39
 35
 43
 40
 32
 34
 35
 34
 34
 31
 45
 46
 31
 32
 37
 36
 31
 31
 46
 47
 33
 35
 32
 39
 31
 31
 38
 40
 29
 31
 33
 35
 43
 38
 37
 39
 34
 31
 33
 32
 42
 40
 32
 32
 33
 33
 33
 34
 41
 44
 29
 28
 32
 31
 33
 35
 38
 37
 32
 30
 34
 35
 30
 37
 36
 27
 28
 28
 25
 29
 39
 38
 39
 35
 37
 36
 36
 36
 50
 50
 36
 39
 37
 36
 37
 35
 47
 46
 34
 29
 33
 32
 32
 41
 41
 41
 27
 29
 30
 36
 34
 40
 40
 33
 35
 36
 42
 38
 46
 39
 39
 37
 37
 33
 33
 44
 33
 35
 33
 35
 38
 36
 38
 46
 48
 34
 33
 33
 36
 34
 32
 41
 42
 31
 32
 35
 35
 33
 34
 42
 39
 32
 31
 32
 30
 28
 33
 33
 29
 22
 24
 29
 28
 30
 24
 26
 34
 34
 34
 35
 31
 29
 31
 29
 31
 36
 27
 25
 38
 36
 40
 39
 36
 39
 45
 37
 37
 41
 32
 34
 33
 28
 41
 37
 31
 30
 32
 29
 32
 29
 41
 42
 32
 36
 38
 37
 35
 39
 36
 38
 25
 27
 30
 25
 32
 33
 36
 34
 33
 37
 42
 40
 49
 50
 40
 42
 42
 41
 41
 42
 44
 45
 31
 33
 29
 29
 31
 31
 43
 41
 33
 34
 34
 34
 38
 35
 38
 34
 25
 25
 30
 30
 40
 40
 35
 39
 34
 38
 34
 38
 43
 44
 32
 31
 34
 31
 36
 41
 43
 38
 32
 35
 38
 38
 36
 51
 46
 39
 39
 42
 41
 34
 42
 45
 44
 31
 31
 34
 36
 32
 46
 49
 39
 37
 40
 39
 40
 37
 49
 51
 37
 38
 43
 43
 41
 45
 50
 51
 34
 36
 36
 38
 32
 32
 42
 38
 32
 32
 33
 32
 32
 30
 38
 39
 27
 27
 30
 29
 36
 34
 34
 36
 30
 30
 30
 35
 28
 28
 25
 22
 24
 25
 36
 33
 33
 33
 32
 30
 29
 30
 46
 47
 34
 35
 37
 39
 38
 38
 48
 50
 37
 36
 38
 38
 40
 34
 46
 47
 36
 34
 34
 40
 38
 38
 60
 62
 48
 49
 47
 49
 50
 42
 44
 44
 30
 31
 32
 31
 33
 46
 45
 33
 30
 30
 30
 34
 34
 47
 48
 34
 31
 32
 35
 34
 36
 34
 36
 24
 23
 23
 32
 34
 33
 34
 31
 33
 30
 30
 43
 43
 33
 32
 35
 34
 44
 46
 40
 40
 34
 33
 36
 40
 45
 47
 36
 33
 32
 33
 35
 34
 45
 38
 33
 33
 34
 33
 31
 37
 37
 37
 26
 26
 25
 26
 31
 32
 31
 27
 29
 29
 27
 28
 31
 27
 24
 27
 28
 26
 29
 25
 26
 31
 30
 31
 35
 30
 29
 31
 27
 25
 37
 33
 30
 32
 29
 31
 37
 34
 44
 45
 32
 39
 38
 39
 43
 43
 43
 45
 33
 32
 32
 28
 28
 30
 25
 30
 25
 25
 27
 32
 33
 30
 32
 31
 32
 26
 32
 36
 32
 26
 26
 28
 31
 33
 31
 41
 31
 31
 33
 35
 34
 53
 57
 57
 56
 46
 45
 329
 328
 315
 314
 315
 310
 301
 305
 317
 318
 37
 37
 34
 34
 33
 39
 49
 49
 37
 39
 41
 40
 38
 36
 49
 41
 35
 32
 39
 39
 37
 37
 43
 46
 34
 32
 38
 39
 36
 32
 43
 44
 34
 32
 34
 36
 30
 30
 34
 35
 26
 24
 34
 37
 36
 35
 33
 34
 33
 38
 35
 38
 23
 24
 26
 33
 35
 35
 37
 31
 32
 32
 34
 38
 37
 27
 29
 27
 25
 32
 32
 29
 30
 25
 33
 34
 30
 36
 42
 35
 36
 35
 34
 38
 34
 35
 38
 31
 27
 27
 28
 28
 33
 38
 32
 39
 36
 35
 36
 38
 38
 40
 36
 35
 35
 32
 30
 32
 31
 37
 38
 37
 36
 30
 32
 32
 30
 41
 38
 32
 35
 33
 32
 32
 31
 38
 40
 32
 32
 34
 33
 32
 34
 45
 43
 35
 37
 39
 39
 40
 37
 38
 37
 31
 29
 45
 44
 34
 36
 37
 38
 33
 39
 44
 43
 31
 30
 38
 36
 35
 43
 42
 40
 36
 34
 35
 39
 33
 43
 43
 35
 36
 33
 34
 36
 36
 47
 41
 35
 34
 37
 33
 32
 32
 43
 45
 31
 32
 34
 37
 37
 39
 46
 48
 32
 35
 36
 35
 35
 36
 37
 37
 28
 28
 30
 34
 32
 32
 34
 29
 28
 29
 28
 40
 41
 38
 35
 37
 36
 33
 33
 46
 47
 34
 34
 28
 28
 30
 29
 43
 46
 40
 37
 38
 36
 47
 48
 45
 45
 39
 37
 29
 29
 40
 42
 28
 29
 30
 38
 31
 33
 43
 46
 35
 37
 35
 40
 37
 35
 44
 43
 34
 32
 36
 36
 37
 31
 38
 33
 27
 30
 30
 33
 30
 39
 39
 40
 33
 33
 34
 33
 31
 69
 69
 59
 59
 59
 63
 65
 66
 76
 77
 32
 34
 36
 35
 36
 39
 34
 38
 30
 29
 31
 33
 32
 32
 34
 29
 30
 26
 25
 29
 38
 36
 32
 34
 30
 32
 33
 33
 46
 40
 33
 33
 34
 32
 32
 33
 43
 44
 29
 30
 32
 38
 38
 41
 47
 45
 36
 33
 35
 34
 36
 32
 36
 37
 30
 29
 30
 29
 28
 29
 40
 41
 37
 37
 35
 36
 34
 37
 46
 45
 32
 36
 31
 34
 35
 41
 50
 49
 39
 37
 39
 37
 39
 32
 46
 42
 35
 42
 41
 38
 40
 40
 51
 53
 42
 44
 45
 39
 33
 45
 46
 48
 35
 37
 37
 34
 33
 46
 44
 34
 36
 35
 35
 35
 34
 46
 48
 40
 37
 36
 37
 35
 46
 44
 45
 34
 37
 28
 30
 36
 35
 36
 27
 28
 27
 32
 31
 31
 36
 30
 30
 36
 34
 35
 32
 36
 33
 34
 27
 31
 42
 38
 38
 39
 38
 33
 34
 34
 37
 35
 24
 30
 31
 27
 33
 30
 28
 30
 26
 25
 26
 28
 30
 33
 27
 28
 32
 35
 39
 45
 43
 35
 34
 33
 41
 42
 36
 33
 31
 26
 26
 28
 31
 34
 31
 29
 29
 32
 32
 33
 32
 32
 36
 33
 27
 28
 30
 25
 28
 46
 47
 43
 44
 41
 45
 43
 40
 50
 51
 34
 36
 39
 37
 37
 37
 45
 47
 35
 34
 35
 35
 30
 29
 38
 37
 30
 29
 30
 33
 34
 32
 37
 35
 24
 28
 30
 33
 35
 33
 32
 35
 30
 29
 26
 26
 29
 20
 21
 20
 24
 32
 35
 33
 39
 39
 37
 37
 39
 44
 41
 32
 33
 30
 25
 27
 28
 29
 31
 25
 34
 31
 34
 37
 34
 33
 31
 31
 39
 41
 33
 33
 32
 31
 30
 31
 42
 42
 31
 30
 30
 31
 29
 28
 38
 39
 31
 33
 33
 35
 42
 38
 41
 39
 31
 29
 28
 28
 26
 37
 30
 32
 30
 31
 31
 42
 42
 44
 45
 33
 36
 33
 36
 46
 46
 34
 34
 30
 30
 29
 39
 41
 39
 33
 30
 32
 32
 38
 44
 45
 37
 35
 38
 37
 42
 39
 49
 45
 35
 35
 31
 30
 31
 37
 32
 33
 23
 24
 29
 35
 36
 39
 42
 37
 35
 36
 34
 36
 33
 29
 34
 36
 31
 30
 33
 32
 35
 43
 45
 42
 36
 35
 35
 35
 36
 47
 43
 35
 35
 33
 30
 28
 31
 39
 41
 34
 40
 39
 38
 40
 37
 48
 49
 40
 42
 35
 32
 30
 33
 40
 41
 31
 33
 33
 30
 31
 32
 41
 37
 28
 32
 36
 33
 34
 34
 43
 42
 31
 32
 36
 34
 30
 33
 42
 43
 32
 33
 32
 38
 36
 40
 41
 40
 31
 31
 31
 33
 33
 27
 28
 23
 23
 27
 35
 34
 34
 34
 32
 35
 34
 31
 42
 37
 31
 31
 31
 31
 31
 28
 32
 31
 21
 21
 23
 20
 33
 30
 30
 32
 33
 34
 31
 35
 38
 39
 31
 29
 31
 33
 35
 36
 38
 36
 31
 31
 26
 41
 42
 40
 37
 42
 36
 39
 35
 48
 48
 32
 32
 30
 34
 28
 38
 40
 40
 32
 32
 35
 34
 33
 42
 44
 30
 30
 30
 30
 35
 31
 37
 38
 27
 24
 21
 30
 32
 31
 28
 28
 25
 27
 29
 29
 31
 24
 26
 23
 25
 26
 28
 28
 29
 25
 26
 24
 20
 30
 32
 34
 29
 32
 30
 31
 30
 43
 44
 37
 37
 37
 36
 37
 38
 43
 44
 32
 33
 26
 27
 30
 31
 30
 34
 24
 24
 36
 34
 34
 31
 38
 36
 38
 33
 34
 33
 22
 26
 35
 35
 28
 31
 32
 32
 36
 34
 44
 42
 34
 31
 34
 34
 31
 30
 37
 39
 30
 30
 33
 34
 32
 33
 35
 35
 26
 25
 24
 35
 32
 29
 32
 31
 28
 29
 27
 39
 41
 29
 32
 33
 34
 33
 36
 41
 40
 29
 37
 39
 37
 35
 34
 34
 37
 43
 39
 38
 34
 34
 36
 37
 33
 46
 44
 34
 34
 34
 33
 41
 39
 51
 50
 38
 37
 39
 35
 36
 36
 32
 36
 26
 27
 34
 36
 33
 33
 36
 35
 36
 31
 49
 51
 41
 41
 42
 42
 40
 42
 50
 51
 33
 32
 33
 36
 34
 36
 46
 48
 37
 40
 61
 62
 67
 68
 77
 77
 68
 66
 68
 43
 43
 42
 48
 45
 38
 38
 31
 32
 33
 31
 36
 35
 23
 26
 27
 26
 26
 31
 35
 36
 30
 28
 39
 40
 35
 34
 36
 31
 30
 36
 40
 40
 28
 43
 44
 48
 49
 47
 46
 41
 38
 49
 51
 38
 40
 37
 37
 36
 51
 52
 54
 43
 44
 37
 38
 37
 47
 48
 33
 34
 31
 32
 31
 34
 44
 45
 33
 35
 36
 34
 37
 36
 39
 32
 27
 30
 31
 30
 37
 37
 35
 50
 45
 44
 47
 46
 47
 46
 39
 51
 52
 36
 36
 36
 34
 39
 37
 47
 46
 39
 40
 41
 37
 36
 40
 45
 46
 35
 34
 30
 30
 28
 31
 40
 35
 29
 29
 30
 29
 30
 43
 44
 37
 37
 38
 36
 36
 39
 51
 47
 37
 36
 37
 34
 35
 31
 43
 42
 30
 30
 34
 32
 33
 33
 36
 37
 27
 26
 27
 24
 36
 37
 35
 35
 31
 33
 32
 36
 45
 45
 29
 31
 30
 27
 29
 31
 41
 37
 30
 35
 33
 34
 37
 39
 42
 39
 33
 31
 33
 32
 33
 42
 39
 35
 35
 35
 31
 34
 34
 39
 40
 34
 36
 36
 38
 33
 36
 42
 43
 30
 31
 31
 33
 34
 30
 43
 43
 34
 36
 35
 38
 35
 34
 41
 42
 30
 32
 31
 30
 33
 31
 45
 41
 34
 35
 38
 37
 37
 35
 44
 46
 33
 36
 37
 36
 35
 36
 49
 48
 36
 35
 36
 32
 33
 36
 46
 47
 34
 35
 36
 34
 36
 38
 48
 41
 34
 34
 34
 34
 34
 34
 46
 42
 34
 35
 37
 42
 41
 42
 49
 50
 34
 36
 36
 35
 35
 31
 42
 43
 32
 33
 33
 35
 38
 37
 48
 42
 35
 37
 37
 39
 41
 40
 45
 46
 35
 39
 41
 39
 41
 40
 44
 45
 39
 36
 38
 33
 32
 33
 41
 42
 31
 32
 31
 32
 31
 32
 42
 44
 33
 34
 33
 34
 31
 33
 44
 44
 30
 31
 31
 31
 35
 33
 35
 31
 29
 30
 31
 31
 32
 40
 38
 36
 38
 37
 32
 33
 34
 41
 43
 34
 35
 34
 31
 33
 32
 43
 41
 30
 33
 35
 31
 33
 36
 45
 47
 35
 37
 39
 37
 36
 36
 43
 34
 30
 32
 34
 39
 40
 39
 37
 39
 33
 35
 37
 43
 38
 33
 34
 32
 32
 33
 34
 41
 39
 28
 31
 31
 31
 33
 33
 36
 35
 25
 26
 28
 25
 35
 35
 32
 32
 31
 32
 32
 32
 44
 47
 40
 41
 41
 40
 39
 37
 49
 50
 35
 38
 33
 33
 34
 34
 47
 47
 36
 34
 36
 35
 32
 33
 41
 42
 30
 31
 32
 32
 30
 32
 40
 40
 31
 34
 35
 34
 35
 34
 45
 45
 35
 35
 33
 33
 35
 39
 39
 37
 27
 27
 29
 29
 29
 35
 41
 32
 32
 34
 35
 34
 34
 36
 48
 44
 32
 33
 34
 33
 34
 30
 42
 43
 30
 32
 32
 32
 32
 28
 35
 33
 25
 26
 26
 28
 38
 38
 35
 35
 31
 33
 33
 37
 47
 41
 32
 33
 35
 35
 34
 34
 44
 40
 30
 34
 34
 33
 35
 42
 41
 40
 32
 31
 32
 31
 42
 41
 40
 28
 29
 31
 32
 34
 44
 43
 32
 31
 32
 31
 32
 32
 41
 37
 31
 32
 32
 34
 33
 33
 30
 30
 21
 23
 25
 24
 23
 36
 33
 34
 33
 35
 33
 35
 30
 41
 42
 29
 31
 30
 31
 29
 31
 42
 43
 32
 35
 34
 32
 32
 34
 42
 39
 27
 29
 31
 27
 28
 30
 40
 36
 29
 32
 33
 31
 32
 32
 32
 32
 25
 24
 26
 24
 22
 34
 33
 32
 30
 32
 32
 35
 38
 38
 39
 27
 27
 29
 24
 32
 33
 32
 31
 24
 27
 28
 32
 39
 41
 30
 32
 33
 34
 35
 43
 43
 45
 38
 36
 37
 37
 39
 46
 48
 35
 37
 36
 33
 32
 33
 43
 43
 32
 31
 32
 31
 28
 30
 33
 31
 21
 22
 21
 32
 33
 32
 34
 34
 31
 31
 34
 44
 46
 33
 37
 38
 37
 33
 32
 44
 42
 34
 34
 34
 37
 39
 37
 37
 37
 27
 26
 28
 25
 27
 25
 20
 21
 22
 35
 32
 33
 35
 38
 42
 41
 41
 38
 36
 29
 39
 38
 34
 34
 30
 33
 33
 33
 35
 31
 26
 26
 27
 26
 33
 33
 32
 33
 31
 34
 35
 35
 44
 43
 32
 35
 33
 33
 34
 42
 34
 35
 29
 31
 33
 31
 32
 42
 42
 31
 33
 36
 34
 35
 33
 44
 38
 35
 36
 35
 37
 39
 41
 48
 49
 38
 40
 40
 32
 34
 37
 36
 34
 24
 24
 35
 32
 30
 32
 31
 30
 27
 31
 40
 41
 30
 32
 32
 31
 31
 37
 39
 36
 27
 27
 29
 29
 33
 30
 46
 37
 38
 35
 39
 41
 41
 41
 46
 47
 32
 33
 33
 37
 35
 35
 42
 38
 30
 32
 33
 36
 35
 29
 42
 44
 31
 34
 38
 35
 37
 36
 45
 47
 35
 40
 39
 39
 40
 42
 48
 50
 37
 37
 37
 35
 36
 37
 43
 44
 36
 33
 34
 33
 35
 34
 47
 46
 32
 33
 32
 33
 32
 33
 45
 45
 31
 32
 33
 30
 31
 34
 42
 43
 30
 32
 31
 32
 35
 35
 44
 43
 34
 34
 36
 36
 38
 37
 30
 32
 25
 28
 25
 28
 27
 31
 29
 29
 29
 30
 29
 29
 39
 37
 38
 33
 33
 34
 35
 33
 46
 43
 34
 30
 32
 32
 32
 34
 41
 43
 30
 29
 31
 30
 30
 31
 35
 33
 23
 23
 33
 32
 37
 38
 40
 38
 37
 37
 38
 37
 26
 26
 16
 16
 18
 26
 26
 26
 29
 29
 40
 43
 39
 42
 43
 38
 37
 38
 43
 45
 33
 31
 33
 32
 33
 31
 46
 40
 32
 33
 33
 36
 36
 34
 43
 45
 29
 31
 33
 31
 31
 33
 39
 43
 36
 37
 36
 36
 37
 35
 37
 35
 27
 26
 29
 29
 31
 32
 30
 31
 38
 36
 36
 35
 29
 32
 32
 30
 42
 44
 32
 32
 52
 54
 64
 63
 63
 64
 52
 51
 51
 31
 40
 43
 35
 31
 33
 33
 30
 30
 43
 46
 38
 38
 33
 35
 41
 42
 51
 50
 37
 38
 37
 38
 39
 36
 37
 39
 38
 35
 37
 32
 35
 37
 45
 43
 34
 35
 28
 31
 33
 32
 43
 36
 27
 28
 28
 32
 34
 32
 42
 40
 35
 35
 35
 32
 36
 46
 40
 43
 38
 38
 31
 42
 42
 40
 44
 34
 34
 30
 47
 46
 49
 38
 38
 41
 46
 46
 46
 39
 33
 33
 35
 34
 42
 43
 30
 33
 33
 36
 33
 37
 47
 43
 34
 35
 36
 33
 41
 36
 38
 34
 25
 24
 34
 32
 31
 35
 36
 40
 37
 41
 48
 43
 36
 37
 39
 38
 42
 40
 40
 37
 32
 33
 37
 35
 46
 46
 34
 32
 35
 35
 31
 41
 40
 38
 29
 33
 32
 33
 30
 43
 45
 38
 37
 40
 40
 37
 36
 50
 48
 34
 36
 35
 38
 36
 37
 45
 46
 31
 32
 35
 36
 32
 27
 40
 42
 30
 33
 35
 34
 34
 36
 37
 38
 27
 27
 36
 33
 30
 34
 32
 28
 29
 31
 41
 42
 31
 29
 36
 34
 35
 38
 45
 40
 34
 31
 34
 33
 29
 40
 41
 40
 32
 33
 37
 38
 36
 45
 45
 34
 36
 40
 39
 36
 27
 30
 30
 27
 25
 26
 36
 32
 29
 31
 35
 37
 36
 34
 43
 46
 34
 35
 38
 39
 35
 26
 33
 35
 29
 25
 33
 34
 33
 31
 32
 32
 34
 35
 35
 35
 35
 34
 32
 34
 32
 34
 24
 24
 24
 30
 36
 37
 37
 39
 37
 38
 41
 46
 45
 40
 25
 27
 31
 32
 35
 33
 38
 32
 32
 33
 35
 37
 34
 32
 37
 38
 30
 31
 30
 32
 27
 26
 39
 42
 30
 33
 32
 30
 32
 46
 46
 51
 40
 40
 40
 36
 37
 49
 51
 36
 38
 32
 34
 34
 34
 44
 37
 29
 28
 30
 30
 29
 23
 35
 38
 30
 29
 32
 31
 33
 35
 44
 45
 33
 35
 36
 33
 33
 38
 45
 44
 33
 34
 35
 37
 32
 41
 43
 35
 30
 29
 34
 35
 32
 36
 37
 32
 36
 36
 35
 34
 42
 41
 42
 34
 33
 34
 31
 44
 43
 44
 34
 37
 38
 33
 34
 44
 45
 28
 30
 31
 30
 29
 33
 33
 35
 25
 24
 29
 29
 29
 32
 36
 32
 32
 33
 37
 42
 40
 39
 50
 44
 38
 42
 38
 38
 39
 37
 47
 44
 35
 38
 39
 33
 31
 45
 47
 42
 34
 38
 37
 36
 32
 40
 42
 29
 31
 29
 38
 32
 32
 32
 34
 34
 32
 32
 33
 35
 30
 31
 41
 40
 41
 31
 33
 32
 33
 32
 32
 34
 23
 30
 30
 39
 38
 37
 36
 32
 33
 33
 33
 41
 40
 35
 36
 37
 34
 38
 37
 48
 49
 44
 42
 40
 36
 36
 36
 37
 37
 26
 27
 37
 38
 36
 37
 38
 39
 39
 48
 47
 48
 34
 34
 37
 36
 36
 49
 46
 42
 43
 42
 43
 40
 48
 46
 45
 36
 37
 32
 30
 30
 42
 45
 33
 35
 34
 32
 35
 35
 46
 47
 34
 32
 34
 35
 36
 36
 42
 45
 35
 30
 37
 36
 38
 39
 46
 47
 34
 35
 34
 38
 36
 39
 38
 34
 27
 29
 27
 31
 30
 27
 25
 21
 32
 34
 33
 30
 31
 27
 28
 33
 32
 34
 26
 28
 31
 36
 38
 37
 36
 37
 35
 32
 32
 38
 34
 28
 28
 28
 32
 37
 37
 35
 35
 29
 31
 29
 31
 31
 26
 27
 34
 30
 31
 33
 36
 40
 41
 39
 45
 39
 33
 33
 35
 33
 31
 27
 37
 40
 35
 35
 37
 40
 36
 47
 46
 46
 35
 36
 29
 27
 45
 44
 45
 39
 36
 40
 45
 45
 52
 53
 37
 31
 33
 33
 35
 33
 32
 29
 25
 24
 26
 23
 34
 32
 30
 30
 25
 29
 31
 31
 36
 37
 24
 24
 27
 31
 35
 38
 35
 35
 32
 32
 33
 33
 30
 32
 28
 23
 27
 28
 26
 31
 29
 30
 32
 38
 36
 36
 29
 29
 35
 36
 34
 42
 44
 32
 32
 34
 35
 32
 35
 40
 40
 31
 33
 34
 33
 34
 34
 34
 29
 23
 27
 27
 25
 33
 32
 30
 32
 34
 34
 35
 29
 39
 41
 35
 33
 35
 32
 35
 36
 38
 34
 28
 27
 28
 28
 38
 38
 29
 30
 29
 33
 31
 32
 42
 43
 32
 34
 33
 34
 35
 33
 33
 35
 30
 29
 32
 34
 33
 33
 39
 33
 32
 39
 34
 33
 33
 35
 45
 43
 36
 39
 41
 36
 36
 37
 47
 43
 31
 31
 33
 31
 30
 32
 33
 30
 24
 28
 31
 31
 29
 42
 42
 37
 39
 36
 36
 36
 34
 36
 38
 32
 32
 35
 36
 37
 36
 46
 45
 32
 33
 35
 32
 30
 36
 36
 40
 31
 32
 36
 36
 36
 46
 44
 36
 38
 38
 38
 37
 35
 44
 38
 39
 36
 36
 35
 32
 31
 45
 42
 37
 39
 30
 32
 36
 38
 47
 48
 33
 34
 39
 36
 37
 35
 40
 43
 33
 32
 36
 35
 28
 32
 43
 40
 39
 38
 38
 37
 36
 44
 46
 41
 34
 35
 28
 29
 32
 34
 35
 28
 27
 31
 28
 27
 28
 29
 24
 27
 29
 24
 31
 29
 28
 26
 28
 25
 28
 36
 34
 34
 31
 32
 33
 33
 32
 43
 40
 30
 32
 34
 34
 32
 38
 38
 40
 28
 27
 29
 25
 35
 36
 34
 30
 33
 31
 33
 31
 40
 41
 33
 32
 33
 37
 34
 37
 45
 45
 35
 35
 29
 30
 34
 31
 41
 38
 33
 33
 38
 35
 35
 35
 38
 31
 26
 23
 27
 27
 28
 30
 29
 31
 24
 28
 27
 28
 25
 35
 29
 29
 29
 30
 27
 27
 28
 31
 31
 24
 25
 29
 29
 31
 32
 34
 32
 32
 32
 31
 37
 34
 37
 37
 38
 32
 34
 36
 39
 38
 31
 28
 27
 28
 27
 29
 28
 27
 25
 34
 34
 36
 31
 32
 32
 32
 33
 32
 28
 21
 23
 23
 34
 33
 33
 33
 56
 58
 57
 61
 74
 71
 62
 62
 40
 38
 40
 36
 48
 47
 31
 29
 29
 32
 34
 46
 49
 49
 41
 39
 41
 45
 45
 57
 55
 41
 40
 45
 40
 43
 44
 47
 49
 35
 37
 37
 37
 35
 41
 40
 39
 32
 34
 34
 31
 28
 39
 40
 35
 28
 29
 29
 32
 34
 45
 43
 35
 33
 35
 34
 33
 33
 41
 35
 27
 29
 27
 28
 31
 31
 30
 32
 23
 24
 24
 19
 20
 33
 28
 36
 34
 35
 34
 41
 41
 43
 44
 31
 30
 26
 28
 31
 30
 25
 25
 38
 34
 34
 35
 36
 33
 28
 39
 41
 41
 31
 32
 38
 38
 37
 46
 46
 34
 37
 39
 35
 41
 34
 45
 48
 39
 38
 38
 37
 25
 24
 35
 38
 28
 33
 33
 38
 47
 49
 49
 47
 39
 36
 35
 31
 38
 29
 23
 37
 38
 39
 38
 39
 39
 38
 33
 45
 48
 32
 34
 33
 31
 33
 46
 47
 45
 34
 34
 36
 37
 39
 49
 49
 36
 38
 38
 38
 35
 45
 48
 47
 40
 40
 39
 37
 39
 50
 50
 38
 43
 43
 39
 38
 41
 54
 54
 36
 37
 42
 39
 38
 41
 51
 46
 36
 36
 37
 38
 37
 32
 42
 46
 36
 36
 34
 42
 41
 40
 49
 48
 34
 36
 38
 38
 38
 30
 45
 43
 37
 36
 40
 40
 34
 34
 44
 48
 33
 33
 33
 36
 35
 33
 50
 50
 46
 41
 43
 44
 43
 38
 48
 48
 37
 36
 35
 36
 37
 36
 45
 42
 36
 37
 32
 34
 28
 27
 43
 44
 35
 40
 37
 36
 38
 38
 50
 53
 39
 43
 43
 40
 42
 44
 44
 45
 34
 33
 33
 27
 31
 40
 39
 36
 36
 38
 35
 36
 39
 43
 37
 34
 34
 33
 32
 28
 31
 29
 29
 27
 27
 25
 26
 28
 27
 28
 26
 28
 27
 26
 30
 32
 33
 28
 29
 28
 31
 31
 29
 30
 30
 31
 34
 35
 39
 40
 36
 37
 38
 48
 38
 41
 42
 47
 44
 42
 42
 52
 51
 39
 39
 39
 34
 30
 29
 45
 46
 35
 35
 34
 36
 45
 44
 44
 45
 35
 37
 41
 38
 38
 46
 38
 41
 39
 40
 37
 34
 42
 38
 38
 36
 36
 32
 32
 35
 42
 43
 33
 34
 32
 32
 31
 34
 43
 38
 31
 33
 32
 38
 36
 38
 44
 43
 34
 38
 37
 36
 36
 34
 43
 46
 42
 38
 40
 36
 38
 38
 50
 46
 40
 38
 35
 38
 38
 42
 49
 49
 35
 36
 34
 35
 33
 27
 41
 41
 33
 36
 36
 38
 34
 34
 47
 48
 34
 34
 33
 35
 34
 33
 44
 46
 31
 35
 34
 35
 35
 34
 34
 28
 22
 22
 22
 20
 37
 33
 33
 37
 38
 38
 36
 35
 46
 49
 35
 35
 35
 35
 32
 34
 43
 44
 33
 34
 34
 34
 37
 35
 48
 43
 37
 36
 36
 38
 39
 37
 41
 43
 32
 31
 32
 34
 36
 34
 37
 39
 34
 34
 36
 34
 37
 34
 43
 45
 32
 35
 38
 36
 33
 33
 40
 41
 31
 32
 28
 32
 26
 27
 39
 41
 31
 30
 33
 31
 32
 29
 40
 41
 31
 35
 35
 35
 36
 40
 39
 37
 27
 24
 25
 27
 27
 32
 29
 25
 27
 29
 28
 30
 35
 38
 38
 31
 31
 33
 36
 38
 38
 49
 42
 37
 39
 39
 39
 39
 39
 52
 53
 40
 40
 36
 34
 35
 42
 39
 42
 27
 27
 29
 31
 27
 34
 41
 32
 33
 38
 39
 39
 34
 37
 49
 45
 41
 42
 41
 32
 34
 34
 44
 38
 30
 32
 32
 34
 35
 33
 46
 48
 45
 42
 42
 41
 44
 45
 47
 46
 35
 38
 30
 33
 31
 33
 45
 43
 37
 39
 38
 39
 41
 38
 55
 57
 39
 42
 42
 43
 42
 42
 50
 50
 30
 32
 36
 33
 34
 33
 43
 42
 32
 33
 34
 35
 30
 30
 32
 31
 23
 22
 25
 23
 20
 21
 24
 34
 32
 35
 36
 38
 39
 40
 49
 48
 50
 38
 39
 33
 32
 33
 35
 35
 26
 28
 37
 32
 33
 36
 36
 40
 33
 39
 39
 36
 31
 32
 32
 30
 41
 39
 40
 37
 33
 31
 31
 41
 37
 40
 32
 32
 32
 29
 29
 52
 48
 38
 41
 43
 45
 45
 42
 50
 53
 29
 28
 29
 28
 44
 39
 36
 38
 33
 29
 31
 30
 42
 44
 30
 33
 36
 37
 37
 37
 41
 43
 34
 39
 39
 39
 37
 32
 32
 34
 34
 32
 37
 29
 30
 32
 30
 33
 33
 44
 38
 38
 36
 32
 36
 35
 35
 36
 37
 27
 23
 36
 36
 36
 34
 32
 35
 32
 30
 33
 35
 22
 23
 26
 33
 36
 33
 35
 41
 40
 40
 40
 40
 37
 28
 30
 37
 36
 27
 27
 26
 29
 31
 33
 33
 43
 35
 37
 36
 38
 36
 36
 33
 41
 40
 30
 30
 29
 27
 28
 28
 31
 33
 25
 26
 29
 38
 40
 38
 40
 42
 38
 37
 38
 45
 39
 33
 33
 33
 32
 30
 26
 36
 37
 28
 29
 32
 28
 33
 31
 44
 46
 35
 37
 40
 38
 40
 40
 48
 49
 39
 38
 39
 36
 37
 39
 42
 45
 33
 34
 30
 30
 36
 38
 44
 45
 38
 39
 36
 37
 36
 34
 38
 40
 27
 32
 30
 35
 36
 32
 34
 34
 35
 36
 36
 38
 39
 32
 32
 33
 30
 30
 29
 24
 27
 20
 33
 31
 30
 30
 34
 37
 36
 37
 41
 43
 30
 31
 30
 34
 30
 40
 40
 41
 35
 37
 40
 41
 40
 44
 45
 35
 34
 30
 28
 30
 27
 30
 32
 24
 29
 34
 35
 33
 33
 32
 35
 36
 34
 38
 31
 26
 25
 28
 27
 26
 30
 21
 23
 22
 24
 23
 33
 33
 32
 35
 33
 32
 32
 32
 39
 39
 29
 30
 30
 36
 33
 34
 33
 28
 20
 21
 24
 27
 34
 28
 28
 30
 31
 35
 35
 43
 41
 38
 32
 32
 33
 33
 41
 39
 40
 30
 31
 31
 28
 28
 43
 45
 36
 36
 37
 37
 36
 37
 41
 41
 25
 26
 42
 45
 55
 60
 55
 57
 54
 56
 38
 40
 42
 48
 38
 31
 34
 35
 38
 36
 36
 39
 40
 29
 34
 33
 31
 33
 32
 35
 34
 26
 28
 35
 28
 30
 34
 28
 32
 39
 40
 43
 40
 35
 36
 36
 33
 41
 36
 30
 32
 30
 31
 33
 45
 43
 46
 38
 39
 38
 38
 42
 45
 42
 28
 32
 30
 30
 29
 37
 37
 28
 29
 28
 28
 29
 29
 44
 41
 37
 36
 38
 40
 41
 42
 42
 43
 29
 31
 28
 30
 29
 25
 31
 28
 29
 32
 33
 33
 38
 34
 43
 45
 36
 35
 36
 35
 34
 47
 37
 40
 34
 36
 38
 39
 51
 42
 44
 36
 42
 41
 41
 36
 51
 53
 38
 40
 41
 42
 36
 39
 40
 47
 34
 33
 36
 53
 48
 49
 50
 49
 37
 35
 37
 45
 47
 29
 30
 33
 32
 33
 34
 43
 41
 31
 35
 37
 38
 36
 36
 36
 34
 25
 27
 33
 32
 31
 32
 38
 42
 44
 42
 43
 47
 44
 46
 40
 50
 44
 36
 37
 39
 37
 34
 32
 39
 41
 35
 37
 35
 35
 31
 31
 46
 49
 36
 35
 36
 38
 40
 38
 39
 38
 26
 27
 21
 21
 23
 31
 30
 29
 28
 31
 33
 28
 30
 41
 39
 32
 34
 34
 37
 41
 37
 48
 49
 39
 37
 40
 36
 37
 37
 31
 31
 28
 31
 39
 42
 38
 40
 40
 45
 38
 41
 50
 43
 37
 35
 37
 37
 48
 43
 43
 40
 32
 32
 33
 35
 36
 35
 27
 28
 27
 26
 28
 29
 24
 27
 30
 27
 36
 38
 45
 40
 40
 37
 39
 39
 40
 41
 38
 38
 34
 35
 34
 46
 44
 41
 31
 32
 33
 34
 31
 36
 34
 27
 26
 30
 29
 41
 38
 39
 36
 35
 37
 34
 37
 44
 44
 32
 34
 31
 35
 37
 44
 45
 39
 32
 36
 35
 35
 35
 44
 45
 36
 37
 38
 37
 36
 36
 52
 54
 40
 38
 42
 42
 42
 57
 55
 58
 36
 39
 36
 37
 36
 37
 39
 25
 29
 27
 37
 32
 32
 35
 35
 31
 30
 32
 34
 31
 31
 31
 32
 34
 35
 45
 45
 41
 40
 43
 31
 33
 33
 43
 38
 30
 32
 39
 36
 34
 35
 42
 43
 33
 34
 35
 33
 30
 32
 41
 41
 35
 34
 36
 40
 49
 45
 40
 47
 38
 38
 37
 38
 41
 32
 27
 29
 30
 28
 23
 25
 26
 26
 25
 28
 33
 33
 42
 35
 39
 41
 41
 44
 40
 41
 38
 32
 24
 26
 23
 32
 28
 31
 33
 35
 29
 33
 41
 44
 44
 34
 36
 35
 36
 36
 45
 39
 31
 33
 34
 33
 33
 31
 42
 43
 33
 33
 34
 36
 33
 31
 34
 33
 22
 22
 23
 27
 35
 32
 31
 33
 35
 39
 36
 46
 46
 40
 31
 31
 35
 34
 32
 42
 43
 34
 35
 39
 39
 41
 37
 49
 50
 34
 35
 36
 35
 31
 32
 32
 36
 26
 24
 26
 30
 34
 34
 30
 29
 30
 32
 28
 43
 46
 41
 39
 37
 39
 42
 44
 55
 57
 44
 43
 46
 42
 41
 41
 51
 47
 36
 36
 36
 36
 33
 37
 47
 48
 39
 39
 36
 34
 37
 34
 47
 44
 36
 35
 36
 39
 35
 38
 46
 46
 31
 31
 30
 33
 35
 29
 34
 30
 24
 25
 39
 36
 34
 37
 38
 37
 36
 33
 42
 40
 29
 30
 32
 29
 28
 30
 34
 36
 29
 31
 32
 31
 32
 32
 44
 43
 34
 37
 38
 38
 38
 39
 41
 42
 31
 30
 35
 31
 31
 30
 44
 44
 34
 37
 38
 38
 34
 34
 45
 47
 33
 33
 35
 36
 37
 36
 38
 40
 30
 31
 29
 28
 40
 37
 32
 34
 32
 30
 32
 31
 44
 46
 33
 35
 36
 38
 38
 39
 46
 46
 32
 31
 32
 33
 32
 30
 46
 44
 38
 37
 40
 44
 42
 39
 49
 49
 36
 39
 33
 35
 34
 30
 37
 40
 31
 30
 32
 30
 33
 34
 47
 45
 37
 35
 35
 36
 37
 38
 45
 43
 31
 28
 32
 35
 36
 34
 42
 41
 35
 36
 36
 40
 41
 36
 43
 45
 36
 37
 39
 28
 30
 27
 38
 36
 31
 33
 33
 33
 29
 31
 30
 32
 23
 26
 25
 23
 40
 39
 37
 38
 40
 38
 39
 38
 43
 44
 32
 33
 34
 35
 35
 35
 37
 37
 28
 37
 33
 36
 39
 36
 33
 33
 33
 43
 45
 37
 37
 34
 30
 31
 33
 46
 46
 36
 36
 31
 31
 36
 37
 43
 41
 33
 31
 36
 37
 37
 44
 42
 40
 33
 36
 37
 32
 36
 42
 43
 34
 34
 38
 42
 39
 38
 38
 36
 25
 26
 28
 26
 28
 22
 22
 23
 22
 34
 34
 34
 34
 35
 29
 27
 36
 38
 40
 30
 30
 31
 29
 28
 40
 42
 32
 32
 31
 37
 38
 35
 31
 32
 32
 30
 32
 33
 34
 27
 29
 30
 39
 42
 33
 31
 32
 34
 34
 36
 44
 40
 29
 31
 29
 31
 28
 26
 28
 25
 19
 21
 21
 31
 33
 33
 32
 33
 33
 34
 35
 42
 43
 36
 33
 36
 38
 37
 35
 41
 43
 33
 35
 31
 31
 31
 37
 39
 38
 32
 32
 32
 39
 40
 40
 41
 37
 36
 37
 39
 37
 38
 28
 27
 29
 27
 20
 22
 32
 28
 26
 27
 27
 29
 30
 33
 34
 26
 22
 24
 27
 25
 24
 35
 35
 31
 33
 31
 32
 29
 29
 42
 44
 33
 32
 33
 34
 38
 37
 44
 45
 32
 32
 30
 32
 36
 35
 40
 41
 32
 29
 31
 30
 30
 27
 34
 35
 28
 29
 28
 32
 28
 29
 41
 42
 31
 34
 33
 36
 35
 33
 46
 49
 37
 38
 41
 36
 38
 35
 47
 47
 33
 31
 33
 33
 29
 32
 39
 40
 29
 33
 30
 31
 34
 30
 44
 44
 36
 34
 40
 37
 36
 39
 44
 48
 33
 34
 29
 30
 33
 38
 40
 37
 29
 29
 28
 30
 36
 35
 38
 30
 30
 31
 34
 34
 37
 42
 33
 33
 29
 31
 32
 35
 43
 41
 38
 32
 34
 34
 52
 51
 49
 46
 42
 40
 50
 54
 59
 39
 38
 39
 43
 38
 50
 51
 41
 37
 33
 33
 41
 41
 35
 39
 29
 30
 26
 27
 33
 33
 28
 31
 30
 29
 38
 37
 37
 37
 33
 35
 41
 37
 34
 34
 28
 31
 43
 44
 46
 48
 40
 39
 39
 41
 52
 49
 37
 39
 32
 29
 31
 33
 42
 43
 32
 29
 36
 35
 34
 44
 43
 38
 31
 35
 31
 30
 30
 38
 39
 32
 35
 34
 35
 35
 33
 37
 37
 24
 30
 27
 37
 34
 37
 39
 39
 38
 40
 51
 45
 46
 36
 40
 40
 37
 32
 41
 43
 32
 34
 36
 40
 36
 34
 47
 47
 37
 35
 36
 40
 38
 46
 41
 45
 39
 36
 39
 41
 38
 42
 44
 33
 36
 36
 32
 34
 33
 28
 28
 25
 25
 26
 28
 33
 33
 33
 36
 33
 34
 33
 33
 42
 35
 33
 34
 33
 41
 41
 44
 46
 48
 42
 43
 39
 40
 35
 33
 47
 43
 38
 38
 40
 38
 35
 34
 48
 51
 39
 39
 35
 35
 34
 37
 46
 48
 32
 34
 31
 32
 32
 37
 46
 45
 36
 35
 34
 33
 36
 38
 46
 37
 31
 30
 32
 34
 34
 33
 44
 45
 34
 36
 39
 37
 39
 36
 44
 48
 32
 31
 31
 31
 29
 31
 43
 42
 34
 33
 37
 36
 39
 35
 49
 50
 34
 36
 40
 37
 36
 35
 45
 45
 32
 30
 31
 33
 29
 29
 40
 43
 40
 40
 36
 37
 39
 39
 50
 53
 39
 38
 34
 36
 34
 33
 48
 48
 35
 35
 35
 38
 42
 38
 46
 47
 40
 41
 40
 40
 41
 40
 46
 48
 37
 41
 36
 33
 34
 36
 42
 43
 34
 36
 36
 35
 30
 40
 41
 40
 33
 37
 39
 31
 33
 41
 44
 37
 37
 37
 37
 35
 32
 42
 43
 32
 31
 31
 31
 31
 38
 44
 45
 35
 35
 35
 42
 38
 35
 38
 34
 25
 25
 25
 26
 36
 33
 32
 34
 31
 34
 37
 32
 35
 35
 26
 26
 28
 23
 28
 34
 32
 34
 32
 34
 35
 37
 34
 41
 37
 29
 27
 28
 33
 32
 31
 30
 30
 25
 29
 29
 35
 31
 27
 26
 28
 28
 31
 33
 32
 40
 36
 37
 36
 38
 39
 41
 41
 47
 48
 33
 35
 34
 33
 38
 39
 52
 51
 41
 39
 39
 42
 38
 40
 46
 45
 30
 32
 35
 38
 43
 40
 49
 49
 43
 43
 41
 40
 39
 36
 41
 42
 37
 42
 34
 36
 42
 43
 51
 52
 40
 41
 40
 34
 41
 43
 34
 34
 30
 29
 26
 31
 32
 32
 27
 29
 28
 38
 37
 36
 36
 30
 32
 36
 33
 42
 42
 33
 34
 35
 38
 36
 46
 43
 43
 33
 36
 33
 36
 38
 42
 45
 34
 33
 36
 36
 32
 33
 32
 27
 21
 20
 21
 26
 26
 34
 33
 35
 36
 42
 42
 44
 45
 54
 55
 37
 38
 41
 42
 33
 33
 35
 36
 22
 25
 21
 32
 32
 33
 30
 33
 33
 34
 35
 34
 36
 27
 25
 29
 39
 39
 38
 37
 35
 35
 38
 36
 38
 30
 22
 21
 22
 21
 26
 27
 21
 22
 23
 26
 37
 37
 32
 33
 34
 36
 35
 36
 41
 42
 32
 33
 33
 40
 37
 38
 46
 48
 40
 40
 41
 42
 40
 36
 43
 44
 33
 31
 33
 32
 41
 41
 41
 37
 35
 36
 33
 34
 38
 38
 23
 23
 26
 28
 24
 23
 25
 28
 25
 25
 26
 28
 40
 39
 41
 38
 38
 36
 34
 32
 41
 37
 26
 28
 32
 34
 35
 35
 34
 35
 31
 31
 39
 39
 28
 29
 32
 34
 28
 29
 28
 30
 22
 23
 26
 24
 32
 29
 29
 34
 31
 32
 34
 38
 36
 37
 27
 29
 30
 32
 31
 38
 39
 34
 32
 40
 39
 41
 39
 45
 47
 36
 37
 34
 38
 35
 34
 38
 38
 30
 30
 30
 34
 33
 31
 30
 31
 24
 34
 34
 36
 37
 33
 32
 32
 41
 41
 43
 33
 34
 28
 30
 35
 44
 43
 32
 39
 38
 40
 40
 38
 38
 38
 32
 31
 30
 20
 26
 28
 34
 35
 40
 32
 31
 33
 36
 39
 41
 51
 41
 42
 41
 41
 44
 42
 40
 48
 39
 34
 34
 36
 31
 38
 41
 43
 42
 34
 37
 33
 36
 34
 39
 37
 31
 27
 32
 32
 27
 28
 28
 31
 23
 25
 24
 30
 34
 35
 39
 39
 37
 37
 34
 32
 34
 29
 23
 22
 22
 17
 31
 34
 31
 32
 32
 32
 35
 39
 44
 45
 34
 34
 35
 33
 36
 36
 40
 31
 25
 25
 26
 27
 27
 27
 28
 35
 31
 29
 29
 33
 27
 28
 30
 43
 40
 29
 34
 32
 36
 33
 33
 42
 43
 29
 35
 36
 33
 36
 32
 39
 39
 32
 34
 36
 31
 31
 33
 31
 33
 34
 35
 38
 35
 30
 29
 30
 38
 37
 33
 27
 25
 28
 29
 29
 30
 33
 26
 27
 28
 39
 40
 31
 33
 35
 33
 35
 32
 39
 36
 26
 29
 29
 29
 29
 30
 29
 27
 26
 26
 33
 32
 31
 32
 27
 27
 32
 32
 39
 40
 32
 33
 32
 30
 32
 34
 29
 29
 21
 24
 27
 33
 34
 34
 34
 33
 33
 32
 40
 40
 35
 37
 39
 40
 40
 40
 45
 46
 47
 45
 46
 35
 34
 37
 35
 34
 34
 33
 29
 29
 31
 41
 43
 36
 36
 37
 32
 31
 37
 34
 37
 23
 26
 27
 29
 27
 26
 26
 29
 31
 27
 25
 26
 36
 35
 37
 36
 39
 34
 33
 34
 36
 40
 30
 31
 30
 31
 27
 30
 31
 30
 30
 27
 36
 36
 37
 32
 32
 35
 33
 33
 42
 43
 30
 31
 31
 29
 29
 30
 40
 38
 32
 32
 34
 34
 37
 36
 45
 40
 33
 34
 33
 35
 35
 31
 42
 41
 32
 35
 37
 40
 38
 37
 44
 46
 33
 33
 34
 31
 29
 31
 42
 42
 35
 34
 35
 34
 34
 33
 36
 29
 23
 31
 28
 28
 31
 30
 35
 37
 34
 43
 44
 41
 44
 45
 44
 48
 44
 51
 53
 40
 61
 62
 58
 59
 63
 69
 71
 61
 35
 34
 36
 34
 31
 36
 33
 24
 25
 34
 33
 32
 30
 31
 38
 44
 42
 45
 46
 35
 35
 33
 35
 48
 44
 36
 38
 29
 33
 32
 36
 46
 47
 34
 36
 36
 35
 36
 32
 37
 32
 24
 23
 39
 40
 37
 35
 40
 38
 34
 45
 45
 46
 34
 33
 33
 34
 35
 37
 38
 24
 26
 27
 27
 34
 36
 35
 30
 29
 30
 29
 27
 37
 38
 28
 26
 30
 31
 26
 39
 42
 45
 37
 38
 39
 40
 39
 46
 49
 35
 34
 35
 35
 37
 39
 44
 40
 34
 34
 37
 41
 35
 44
 45
 40
 36
 35
 36
 36
 43
 36
 36
 33
 33
 35
 37
 34
 48
 45
 36
 35
 36
 37
 38
 37
 43
 45
 33
 38
 37
 36
 37
 35
 45
 44
 34
 34
 35
 33
 32
 35
 42
 43
 34
 40
 36
 37
 36
 41
 45
 41
 32
 34
 33
 27
 26
 29
 41
 30
 31
 36
 37
 33
 33
 33
 43
 42
 31
 31
 34
 30
 32
 31
 38
 36
 28
 25
 27
 26
 36
 33
 33
 36
 38
 38
 40
 42
 50
 53
 38
 41
 45
 38
 36
 45
 36
 38
 36
 36
 37
 33
 30
 37
 39
 30
 28
 31
 30
 25
 27
 38
 41
 34
 34
 37
 36
 37
 34
 45
 45
 35
 34
 34
 36
 36
 37
 41
 44
 32
 32
 32
 35
 33
 34
 45
 46
 37
 36
 37
 38
 41
 40
 39
 41
 28
 28
 29
 29
 25
 32
 30
 26
 31
 39
 40
 37
 38
 40
 40
 34
 35
 45
 41
 35
 37
 35
 35
 34
 39
 39
 35
 34
 32
 31
 28
 34
 34
 34
 30
 33
 30
 33
 34
 36
 36
 34
 36
 36
 41
 39
 37
 32
 34
 39
 38
 45
 39
 39
 35
 36
 36
 38
 49
 43
 40
 37
 35
 41
 40
 37
 46
 44
 32
 34
 32
 28
 31
 23
 34
 35
 29
 28
 28
 30
 27
 28
 38
 38
 29
 32
 35
 36
 37
 36
 43
 39
 32
 32
 32
 41
 37
 36
 35
 36
 31
 33
 34
 47
 47
 33
 36
 33
 37
 35
 33
 42
 43
 30
 32
 33
 33
 34
 32
 44
 45
 35
 37
 37
 36
 34
 26
 36
 39
 37
 35
 37
 37
 36
 35
 45
 44
 34
 33
 28
 31
 37
 38
 44
 44
 35
 34
 33
 34
 32
 42
 35
 34
 30
 32
 30
 29
 44
 44
 44
 36
 36
 38
 34
 33
 44
 46
 34
 36
 36
 28
 28
 37
 39
 40
 29
 32
 32
 29
 26
 52
 55
 44
 45
 44
 47
 41
 44
 51
 53
 31
 30
 31
 33
 34
 30
 47
 46
 40
 39
 39
 39
 40
 33
 47
 48
 35
 37
 35
 37
 37
 37
 47
 49
 38
 38
 39
 38
 39
 39
 52
 56
 42
 44
 40
 43
 41
 42
 51
 48
 33
 34
 31
 32
 32
 32
 49
 43
 42
 40
 41
 43
 43
 38
 52
 50
 35
 37
 33
 34
 32
 34
 46
 48
 39
 39
 42
 39
 39
 35
 40
 42
 29
 27
 41
 41
 35
 36
 38
 37
 40
 40
 49
 51
 33
 36
 35
 38
 38
 34
 50
 52
 44
 43
 43
 43
 44
 45
 55
 57
 40
 40
 34
 34
 37
 40
 49
 44
 36
 35
 38
 37
 38
 37
 39
 40
 32
 34
 31
 33
 31
 30
 45
 44
 34
 34
 36
 33
 34
 35
 47
 46
 31
 34
 31
 33
 41
 38
 40
 39
 30
 34
 34
 32
 31
 32
 30
 30
 33
 34
 35
 29
 30
 32
 37
 33
 25
 25
 26
 39
 37
 38
 38
 39
 34
 37
 36
 47
 47
 32
 34
 35
 37
 36
 35
 39
 40
 35
 36
 36
 37
 40
 39
 46
 40
 31
 31
 32
 33
 33
 36
 33
 35
 28
 30
 33
 43
 41
 41
 43
 39
 34
 34
 35
 45
 45
 33
 35
 36
 37
 41
 46
 46
 42
 33
 33
 34
 35
 34
 33
 34
 28
 30
 34
 32
 32
 32
 32
 33
 31
 22
 25
 24
 22
 23
 20
 34
 32
 30
 31
 33
 32
 33
 33
 44
 46
 34
 35
 37
 36
 36
 35
 44
 46
 32
 34
 34
 33
 31
 32
 41
 36
 29
 30
 31
 29
 28
 28
 42
 43
 33
 31
 33
 36
 36
 36
 43
 45
 32
 34
 32
 33
 33
 27
 42
 44
 34
 38
 37
 37
 38
 39
 52
 51
 40
 39
 39
 40
 43
 42
 43
 41
 31
 33
 30
 39
 40
 35
 30
 30
 30
 33
 35
 40
 39
 31
 31
 32
 31
 30
 31
 42
 35
 28
 29
 29
 28
 29
 31
 44
 46
 35
 36
 40
 37
 39
 39
 46
 48
 33
 32
 32
 34
 32
 32
 41
 42
 30
 31
 33
 32
 33
 41
 36
 37
 32
 31
 32
 30
 28
 38
 36
 29
 30
 31
 31
 30
 33
 41
 40
 30
 33
 31
 32
 31
 33
 41
 41
 31
 36
 34
 34
 37
 35
 40
 39
 26
 29
 34
 29
 39
 38
 33
 35
 34
 32
 32
 34
 27
 31
 26
 28
 27
 25
 36
 36
 37
 34
 25
 27
 29
 32
 42
 36
 28
 31
 33
 31
 33
 29
 35
 34
 28
 29
 32
 33
 34
 33
 30
 30
 26
 23
 23
 23
 27
 21
 21
 23
 23
 22
 34
 31
 31
 32
 32
 32
 34
 35
 46
 44
 33
 36
 35
 35
 34
 33
 40
 43
 34
 34
 38
 37
 38
 36
 45
 43
 29
 29
 30
 29
 25
 29
 39
 39
 29
 30
 31
 31
 32
 35
 46
 44
 34
 36
 37
 33
 36
 35
 41
 41
 29
 30
 30
 31
 39
 40
 38
 39
 35
 32
 31
 31
 46
 46
 33
 33
 35
 36
 39
 36
 36
 39
 26
 29
 27
 38
 37
 40
 37
 35
 35
 34
 49
 49
 53
 43
 42
 38
 35
 36
 40
 41
 25
 26
 22
 20
 30
 32
 38
 38
 32
 35
 35
 36
 38
 41
 33
 35
 25
 25
 30
 28
 28
 26
 33
 29
 29
 32
 32
 31
 28
 28
 31
 33
 27
 31
 38
 36
 37
 37
 37
 39
 34
 31
 35
 32
 26
 25
 23
 30
 31
 28
 51
 51
 46
 59
 60
 64
 67
 59
 36
 34
 41
 43
 42
 28
 35
 44
 39
 39
 44
 44
 42
 35
 38
 49
 43
 35
 35
 42
 35
 47
 46
 47
 44
 35
 37
 35
 43
 41
 44
 33
 37
 32
 33
 54
 56
 56
 47
 51
 45
 45
 45
 182
 184
 163
 166
 166
 167
 163
 169
 171
 170
 33
 33
 38
 29
 30
 32
 39
 36
 31
 29
 29
 30
 35
 41
 41
 40
 33
 29
 30
 30
 32
 38
 30
 26
 25
 28
 26
 26
 27
 29
 29
 24
 27
 25
 24
 22
 23
 21
 36
 36
 38
 43
 38
 39
 41
 43
 46
 48
 35
 36
 30
 31
 31
 34
 44
 45
 35
 34
 36
 36
 35
 37
 55
 47
 39
 42
 44
 42
 43
 38
 46
 48
 32
 33
 32
 32
 29
 37
 37
 36
 29
 29
 29
 26
 28
 36
 38
 36
 36
 41
 38
 40
 41
 43
 40
 32
 30
 24
 25
 36
 35
 31
 32
 32
 28
 28
 45
 47
 47
 35
 40
 39
 39
 52
 54
 54
 40
 42
 40
 37
 42
 38
 49
 34
 37
 41
 40
 40
 40
 38
 29
 29
 25
 25
 22
 22
 20
 31
 31
 31
 35
 38
 35
 33
 32
 40
 43
 33
 33
 35
 38
 33
 34
 44
 47
 37
 37
 38
 38
 38
 30
 40
 43
 32
 34
 32
 31
 32
 34
 34
 28
 29
 35
 37
 36
 38
 35
 36
 32
 36
 45
 38
 33
 34
 35
 33
 33
 35
 38
 31
 27
 27
 38
 38
 35
 35
 34
 36
 31
 41
 45
 45
 35
 39
 38
 38
 44
 43
 45
 33
 33
 32
 30
 27
 33
 38
 29
 30
 32
 30
 31
 27
 31
 44
 37
 29
 31
 31
 31
 32
 31
 44
 43
 28
 28
 31
 33
 37
 36
 48
 47
 32
 33
 34
 34
 33
 45
 41
 41
 33
 36
 38
 37
 40
 48
 50
 33
 35
 38
 39
 37
 46
 44
 40
 32
 31
 31
 32
 30
 40
 43
 34
 38
 40
 40
 38
 45
 47
 50
 35
 33
 33
 37
 31
 31
 41
 39
 33
 33
 32
 34
 36
 34
 33
 31
 27
 26
 40
 38
 45
 43
 42
 40
 53
 55
 55
 50
 37
 37
 33
 37
 44
 45
 37
 34
 36
 34
 38
 35
 47
 47
 35
 38
 29
 31
 33
 43
 46
 47
 36
 36
 36
 32
 33
 33
 43
 36
 31
 33
 34
 30
 30
 30
 34
 38
 29
 31
 39
 38
 36
 36
 35
 36
 36
 32
 33
 34
 23
 35
 36
 37
 33
 33
 43
 44
 44
 40
 41
 32
 33
 44
 44
 45
 34
 33
 33
 36
 38
 45
 45
 32
 32
 37
 33
 35
 36
 46
 40
 34
 36
 35
 35
 32
 42
 45
 45
 31
 33
 35
 35
 45
 46
 39
 34
 32
 33
 32
 33
 46
 43
 37
 39
 43
 43
 40
 44
 54
 54
 37
 41
 41
 39
 32
 33
 47
 46
 33
 37
 36
 36
 31
 44
 46
 44
 34
 33
 35
 32
 35
 43
 44
 33
 35
 38
 35
 36
 32
 41
 40
 30
 28
 29
 30
 28
 34
 171
 172
 169
 165
 167
 168
 169
 165
 201
 199
 55
 59
 55
 57
 57
 63
 71
 70
 33
 32
 35
 36
 36
 32
 49
 43
 38
 39
 44
 42
 42
 35
 45
 45
 31
 32
 32
 32
 27
 30
 38
 40
 30
 30
 31
 31
 30
 35
 44
 41
 33
 32
 32
 30
 43
 45
 43
 35
 31
 32
 29
 28
 38
 39
 28
 26
 28
 32
 29
 31
 40
 44
 32
 33
 31
 34
 32
 30
 41
 43
 30
 27
 29
 33
 33
 32
 45
 43
 33
 35
 35
 38
 39
 36
 52
 53
 38
 37
 37
 40
 42
 39
 47
 48
 34
 36
 38
 36
 39
 37
 45
 46
 32
 34
 37
 35
 34
 34
 34
 31
 24
 26
 35
 37
 30
 32
 33
 37
 38
 36
 37
 35
 30
 28
 32
 39
 39
 35
 35
 32
 30
 30
 27
 31
 30
 19
 22
 23
 20
 20
 31
 33
 30
 27
 28
 29
 29
 33
 32
 35
 23
 24
 26
 27
 27
 27
 34
 28
 28
 28
 30
 28
 37
 39
 37
 40
 36
 32
 34
 34
 45
 47
 35
 37
 37
 40
 38
 49
 51
 53
 33
 37
 37
 42
 43
 42
 40
 30
 29
 25
 30
 28
 28
 31
 32
 28
 31
 26
 30
 32
 31
 41
 44
 38
 36
 37
 35
 38
 42
 41
 40
 27
 28
 27
 30
 30
 32
 39
 34
 37
 39
 41
 46
 44
 38
 47
 44
 38
 36
 36
 32
 33
 30
 38
 35
 30
 39
 37
 36
 37
 40
 39
 38
 38
 40
 37
 29
 30
 30
 31
 26
 34
 36
 27
 29
 32
 39
 40
 44
 42
 41
 38
 41
 42
 33
 32
 27
 29
 29
 26
 28
 38
 31
 31
 31
 31
 32
 35
 35
 44
 42
 30
 33
 32
 34
 35
 33
 42
 39
 31
 29
 34
 31
 31
 32
 43
 40
 30
 32
 36
 35
 32
 32
 41
 42
 31
 31
 34
 35
 30
 33
 39
 39
 30
 32
 31
 30
 24
 34
 36
 32
 29
 30
 30
 28
 36
 42
 44
 35
 34
 36
 34
 30
 32
 43
 36
 32
 32
 35
 34
 32
 31
 42
 41
 36
 36
 31
 34
 34
 38
 40
 37
 36
 39
 34
 33
 43
 42
 38
 39
 38
 38
 33
 26
 37
 40
 35
 32
 34
 33
 34
 40
 40
 39
 27
 29
 24
 34
 35
 36
 39
 33
 34
 35
 47
 45
 44
 33
 32
 33
 34
 42
 37
 37
 30
 34
 34
 36
 34
 48
 41
 34
 36
 35
 37
 37
 40
 47
 48
 34
 34
 34
 34
 36
 34
 47
 44
 34
 32
 34
 30
 32
 33
 31
 34
 22
 21
 22
 22
 31
 32
 27
 29
 29
 29
 32
 31
 37
 37
 29
 30
 42
 39
 38
 38
 37
 40
 37
 45
 49
 45
 34
 33
 35
 35
 39
 37
 38
 23
 27
 31
 36
 34
 32
 41
 29
 30
 30
 29
 31
 31
 30
 40
 39
 29
 31
 31
 33
 32
 30
 30
 32
 20
 20
 24
 25
 34
 30
 32
 34
 36
 36
 36
 56
 59
 59
 51
 51
 65
 67
 69
 71
 50
 49
 47
 45
 47
 47
 30
 27
 29
 30
 31
 32
 34
 36
 29
 28
 40
 41
 33
 37
 36
 35
 37
 31
 45
 47
 34
 35
 39
 36
 36
 35
 47
 49
 36
 36
 38
 35
 31
 39
 46
 44
 31
 33
 31
 32
 30
 37
 49
 43
 41
 40
 37
 40
 39
 42
 57
 50
 40
 41
 37
 41
 39
 37
 50
 51
 37
 36
 39
 38
 39
 38
 47
 50
 39
 37
 38
 38
 42
 44
 47
 49
 37
 35
 32
 32
 30
 32
 42
 39
 34
 33
 36
 36
 35
 39
 48
 48
 33
 34
 37
 36
 33
 34
 47
 48
 37
 35
 38
 39
 37
 38
 49
 49
 34
 31
 34
 34
 36
 35
 43
 43
 34
 34
 33
 35
 33
 35
 36
 37
 36
 38
 37
 34
 35
 37
 39
 39
 45
 46
 38
 37
 36
 33
 35
 43
 48
 44
 38
 42
 37
 35
 37
 35
 44
 45
 36
 36
 36
 29
 31
 40
 42
 38
 30
 31
 30
 32
 30
 41
 40
 26
 34
 33
 36
 37
 34
 35
 41
 30
 31
 40
 34
 32
 35
 34
 36
 35
 32
 39
 42
 32
 34
 36
 34
 31
 31
 33
 28
 26
 25
 29
 27
 25
 24
 25
 42
 38
 38
 38
 41
 35
 39
 41
 44
 44
 30
 29
 32
 33
 42
 42
 37
 36
 35
 33
 33
 34
 40
 34
 24
 25
 24
 25
 26
 27
 28
 27
 22
 21
 25
 28
 26
 35
 33
 33
 34
 34
 32
 35
 40
 38
 42
 35
 35
 37
 32
 34
 45
 43
 32
 32
 27
 29
 30
 30
 39
 41
 30
 29
 33
 33
 33
 36
 42
 42
 31
 30
 32
 34
 32
 29
 38
 39
 33
 32
 33
 35
 33
 33
 35
 30
 24
 28
 26
 27
 36
 34
 31
 33
 32
 36
 34
 30
 43
 43
 34
 34
 34
 35
 35
 31
 43
 45
 30
 31
 33
 32
 33
 36
 36
 37
 35
 37
 36
 37
 38
 36
 35
 38
 36
 35
 34
 36
 35
 35
 34
 34
 38
 32
 47
 46
 37
 33
 37
 41
 41
 40
 47
 49
 34
 34
 35
 35
 35
 35
 38
 40
 34
 35
 34
 33
 30
 32
 39
 39
 28
 28
 36
 35
 35
 36
 46
 45
 34
 34
 36
 38
 34
 34
 34
 36
 27
 28
 27
 29
 30
 40
 32
 31
 32
 31
 34
 35
 36
 49
 48
 35
 39
 40
 39
 42
 37
 37
 38
 27
 27
 26
 37
 38
 40
 46
 49
 47
 48
 47
 57
 58
 42
 39
 39
 36
 32
 27
 40
 41
 30
 33
 35
 31
 34
 46
 47
 44
 33
 36
 34
 35
 35
 52
 48
 38
 37
 39
 39
 41
 43
 49
 51
 34
 35
 28
 29
 33
 32
 41
 38
 36
 34
 35
 31
 32
 36
 40
 41
 31
 32
 28
 27
 33
 35
 36
 31
 25
 27
 26
 26
 44
 46
 40
 38
 34
 35
 38
 39
 49
 51
 33
 36
 35
 34
 34
 32
 32
 26
 21
 18
 21
 21
 30
 26
 28
 33
 40
 42
 42
 42
 41
 41
 36
 33
 47
 44
 35
 34
 33
 35
 37
 36
 42
 44
 31
 28
 28
 32
 29
 32
 43
 45
 35
 35
 37
 37
 37
 34
 45
 45
 30
 30
 31
 31
 27
 30
 42
 43
 32
 33
 34
 35
 37
 38
 37
 39
 31
 28
 30
 26
 35
 36
 33
 31
 31
 34
 31
 43
 44
 43
 36
 36
 37
 35
 38
 44
 46
 35
 31
 33
 35
 35
 42
 43
 39
 30
 33
 33
 32
 32
 42
 44
 34
 35
 37
 35
 38
 36
 46
 46
 32
 32
 32
 33
 29
 31
 38
 38
 28
 31
 32
 31
 37
 36
 43
 40
 32
 31
 32
 33
 34
 42
 35
 34
 29
 33
 35
 35
 36
 42
 39
 30
 32
 33
 33
 31
 30
 39
 35
 29
 29
 29
 28
 27
 28
 37
 36
 27
 35
 34
 31
 30
 43
 45
 44
 35
 35
 37
 34
 34
 48
 50
 40
 42
 41
 44
 45
 47
 35
 36
 29
 32
 33
 29
 29
 31
 27
 23
 23
 22
 25
 26
 25
 25
 33
 30
 30
 34
 39
 38
 38
 39
 37
 37
 28
 29
 30
 31
 26
 30
 29
 27
 25
 27
 41
 41
 39
 36
 29
 28
 30
 33
 43
 46
 32
 34
 36
 37
 39
 42
 38
 35
 25
 28
 29
 29
 27
 37
 33
 29
 30
 33
 38
 35
 35
 46
 42
 38
 37
 38
 38
 39
 33
 41
 43
 28
 30
 28
 26
 30
 33
 37
 37
 33
 34
 33
 32
 32
 30
 40
 38
 30
 32
 31
 27
 28
 36
 38
 39
 28
 27
 29
 27
 30
 30
 29
 24
 21
 22
 33
 35
 30
 32
 30
 27
 28
 28
 38
 39
 30
 30
 34
 33
 31
 36
 47
 46
 39
 38
 39
 41
 38
 39
 43
 36
 28
 28
 34
 40
 38
 38
 35
 37
 32
 32
 42
 42
 41
 34
 36
 35
 33
 34
 43
 45
 32
 33
 28
 28
 32
 33
 37
 36
 26
 25
 29
 36
 37
 35
 34
 35
 33
 36
 40
 39
 34
 30
 28
 27
 28
 30
 27
 33
 29
 30
 31
 30
 27
 27
 27
 38
 37
 28
 30
 29
 28
 31
 33
 39
 40
 30
 32
 31
 30
 27
 26
 30
 27
 18
 19
 21
 31
 32
 29
 29
 33
 27
 29
 31
 32
 35
 22
 26
 25
 25
 30
 32
 30
 27
 29
 28
 28
 35
 32
 38
 34
 36
 34
 35
 34
 41
 44
 39
 38
 32
 30
 29
 31
 43
 43
 33
 31
 32
 33
 45
 46
 45
 41
 34
 34
 42
 49
 48
 54
 41
 40
 39
 42
 40
 44
 33
 28
 36
 30
 33
 33
 35
 34
 44
 42
 42
 40
 33
 31
 23
 30
 33
 32
 25
 33
 34
 34
 34
 39
 40
 37
 32
 44
 45
 33
 35
 35
 34
 34
 34
 44
 43
 32
 33
 33
 35
 34
 32
 36
 37
 30
 33
 32
 33
 32
 30
 38
 37
 29
 29
 30
 25
 33
 34
 33
 36
 33
 33
 34
 33
 34
 37
 30
 30
 30
 36
 32
 29
 32
 27
 29
 28
 32
 55
 57
 52
 53
 59
 56
 63
 72
 74
 42
 44
 43
 49
 47
 42
 51
 45
 40
 38
 40
 35
 34
 31
 40
 39
 27
 30
 32
 33
 29
 32
 39
 39
 29
 29
 29
 30
 35
 35
 35
 35
 32
 30
 31
 30
 41
 41
 39
 35
 37
 34
 33
 32
 36
 37
 26
 34
 28
 28
 30
 30
 30
 28
 27
 30
 31
 23
 24
 27
 27
 33
 36
 37
 36
 31
 34
 32
 36
 35
 29
 24
 26
 23
 30
 30
 28
 28
 27
 26
 28
 29
 30
 28
 23
 28
 25
 28
 26
 29
 27
 37
 38
 37
 35
 34
 35
 32
 35
 41
 38
 31
 30
 33
 33
 34
 41
 42
 41
 32
 33
 33
 34
 36
 38
 35
 28
 27
 28
 26
 26
 24
 35
 25
 26
 26
 31
 32
 33
 38
 37
 41
 30
 29
 31
 36
 35
 35
 37
 35
 33
 32
 33
 39
 41
 42
 33
 34
 39
 37
 44
 42
 42
 33
 34
 29
 32
 35
 31
 41
 33
 33
 33
 35
 40
 47
 46
 41
 43
 35
 36
 36
 36
 41
 34
 29
 29
 29
 26
 33
 28
 27
 30
 30
 29
 29
 30
 46
 40
 34
 35
 34
 35
 33
 35
 51
 52
 34
 36
 35
 39
 49
 45
 57
 59
 45
 42
 44
 46
 48
 43
 38
 37
 29
 31
 31
 32
 36
 47
 43
 37
 36
 41
 37
 38
 36
 50
 46
 33
 33
 36
 37
 35
 35
 46
 46
 32
 32
 33
 33
 28
 32
 40
 42
 34
 36
 35
 38
 39
 38
 48
 45
 36
 38
 35
 30
 31
 33
 35
 35
 24
 25
 25
 33
 35
 31
 32
 31
 28
 30
 32
 31
 31
 26
 26
 27
 26
 37
 37
 37
 38
 35
 36
 38
 37
 38
 37
 28
 32
 24
 33
 36
 34
 33
 32
 32
 32
 40
 34
 34
 28
 25
 26
 28
 28
 27
 25
 20
 22
 39
 37
 36
 38
 39
 40
 41
 40
 50
 50
 32
 33
 35
 37
 36
 32
 42
 39
 28
 28
 30
 33
 31
 32
 29
 29
 24
 23
 23
 38
 36
 32
 40
 34
 35
 35
 36
 46
 48
 33
 38
 37
 32
 32
 40
 40
 38
 29
 28
 35
 29
 29
 29
 40
 32
 33
 33
 37
 36
 30
 31
 41
 40
 31
 28
 29
 32
 24
 38
 41
 43
 35
 38
 35
 36
 38
 44
 45
 32
 32
 30
 32
 28
 33
 34
 35
 23
 27
 30
 35
 37
 36
 39
 36
 37
 34
 36
 42
 40
 34
 34
 30
 28
 30
 32
 41
 40
 34
 37
 37
 36
 35
 37
 48
 40
 34
 36
 33
 31
 31
 37
 38
 37
 28
 29
 32
 41
 43
 36
 41
 39
 40
 43
 42
 46
 44
 31
 30
 31
 25
 38
 36
 30
 32
 28
 31
 34
 44
 45
 43
 34
 34
 35
 34
 41
 37
 37
 26
 27
 29
 26
 27
 32
 33
 24
 24
 26
 29
 31
 37
 37
 37
 34
 34
 33
 34
 37
 42
 39
 30
 32
 36
 39
 39
 39
 41
 39
 29
 29
 30
 29
 28
 35
 29
 29
 31
 30
 34
 33
 45
 45
 40
 32
 37
 37
 37
 42
 39
 38
 29
 25
 24
 27
 28
 28
 34
 29
 30
 32
 36
 35
 35
 51
 47
 44
 38
 39
 38
 38
 35
 38
 39
 23
 24
 29
 36
 33
 40
 38
 39
 36
 38
 45
 47
 45
 38
 40
 31
 31
 35
 47
 42
 34
 38
 29
 32
 33
 33
 42
 44
 31
 32
 33
 29
 30
 37
 42
 40
 33
 34
 35
 34
 32
 37
 38
 28
 24
 23
 27
 28
 29
 32
 31
 39
 35
 33
 33
 35
 33
 34
 40
 34
 34
 32
 35
 35
 35
 35
 44
 41
 30
 32
 34
 33
 29
 32
 39
 36
 30
 29
 30
 29
 32
 33
 33
 34
 27
 29
 30
 37
 38
 37
 33
 32
 30
 34
 34
 42
 43
 34
 34
 35
 36
 36
 43
 39
 41
 39
 41
 39
 40
 41
 37
 38
 33
 44
 39
 39
 36
 38
 35
 33
 38
 50
 48
 37
 37
 31
 34
 34
 32
 44
 42
 31
 33
 32
 34
 32
 30
 41
 42
 31
 32
 32
 30
 30
 34
 36
 34
 26
 26
 28
 25
 27
 42
 43
 38
 37
 39
 37
 41
 35
 38
 38
 26
 30
 38
 32
 37
 36
 36
 38
 35
 35
 46
 41
 36
 37
 31
 31
 34
 35
 42
 44
 32
 31
 27
 26
 27
 32
 38
 40
 32
 28
 31
 31
 30
 36
 37
 31
 25
 25
 26
 29
 24
 38
 41
 30
 32
 29
 30
 32
 34
 42
 43
 29
 30
 30
 26
 28
 27
 41
 40
 29
 28
 30
 30
 30
 35
 31
 41
 30
 28
 29
 31
 33
 40
 41
 36
 39
 36
 36
 38
 38
 40
 41
 34
 31
 35
 32
 30
 29
 35
 36
 30
 31
 28
 31
 29
 30
 29
 29
 26
 22
 31
 31
 30
 31
 27
 30
 31
 35
 41
 42
 37
 37
 37
 37
 38
 33
 38
 34
 30
 37
 32
 33
 35
 36
 35
 45
 45
 43
 40
 31
 32
 31
 30
 31
 32
 25
 25
 25
 27
 30
 35
 44
 37
 38
 37
 36
 35
 36
 36
 45
 40
 29
 31
 33
 34
 31
 33
 35
 36
 24
 24
 38
 39
 34
 36
 37
 32
 31
 32
 45
 46
 32
 31
 33
 32
 36
 35
 43
 43
 30
 33
 31
 33
 32
 36
 33
 31
 26
 35
 36
 35
 37
 36
 40
 38
 37
 46
 43
 38
 38
 41
 42
 39
 37
 47
 48
 40
 40
 34
 34
 33
 29
 41
 41
 29
 30
 29
 31
 34
 34
 33
 36
 25
 26
 26
 27
 38
 39
 33
 32
 31
 31
 33
 36
 43
 42
 28
 26
 29
 28
 30
 39
 38
 36
 28
 28
 31
 32
 35
 36
 30
 23
 23
 23
 21
 27
 28
 33
 26
 28
 27
 27
 30
 32
 42
 36
 34
 29
 28
 29
 29
 37
 38
 34
 26
 27
 32
 30
 30
 42
 39
 32
 31
 28
 34
 35
 31
 31
 34
 24
 26
 28
 39
 40
 35
 36
 35
 37
 36
 42
 44
 43
 29
 29
 29
 29
 31
 39
 38
 29
 27
 30
 48
 54
 59
 56
 61
 53
 54
 64
 66
 45
 44
 43
 36
 39
 37
 39
 33
 27
 29
 40
 39
 39
 37
 38
 37
 36
 35
 38
 37
 28
 30
 38
 37
 33
 36
 36
 42
 35
 38
 47
 47
 37
 36
 36
 42
 40
 36
 46
 41
 35
 33
 35
 35
 36
 34
 43
 43
 38
 38
 37
 37
 36
 46
 47
 43
 35
 35
 30
 29
 35
 41
 40
 29
 33
 37
 35
 36
 43
 43
 40
 36
 37
 37
 38
 34
 47
 49
 38
 37
 36
 39
 38
 39
 51
 48
 32
 33
 35
 37
 39
 39
 46
 48
 34
 34
 39
 39
 39
 36
 48
 42
 35
 37
 40
 39
 36
 36
 42
 44
 30
 33
 34
 34
 31
 33
 41
 43
 33
 34
 34
 34
 36
 31
 43
 45
 32
 32
 37
 38
 39
 34
 40
 42
 28
 30
 32
 34
 31
 30
 28
 44
 38
 36
 43
 43
 41
 38
 39
 48
 50
 36
 36
 40
 33
 30
 31
 44
 44
 32
 33
 32
 34
 31
 33
 41
 43
 31
 33
 32
 31
 36
 35
 44
 39
 34
 34
 34
 35
 35
 34
 42
 44
 33
 33
 32
 33
 33
 34
 41
 45
 32
 33
 38
 41
 42
 41
 40
 41
 36
 32
 33
 40
 36
 34
 31
 26
 33
 36
 29
 32
 43
 35
 35
 36
 36
 38
 32
 32
 37
 30
 23
 25
 23
 23
 23
 27
 31
 27
 28
 27
 27
 37
 37
 37
 35
 33
 26
 27
 29
 39
 36
 28
 28
 28
 29
 27
 30
 37
 36
 27
 30
 31
 41
 42
 43
 44
 46
 32
 33
 33
 43
 36
 30
 33
 35
 34
 39
 40
 41
 41
 33
 32
 34
 31
 33
 34
 23
 23
 23
 24
 24
 27
 25
 25
 24
 25
 27
 27
 29
 41
 37
 42
 43
 43
 42
 43
 43
 52
 53
 42
 42
 37
 33
 38
 36
 48
 43
 37
 37
 35
 36
 38
 50
 41
 40
 32
 35
 36
 37
 39
 48
 50
 38
 38
 37
 37
 38
 37
 38
 31
 28
 25
 22
 37
 36
 36
 35
 33
 33
 35
 36
 36
 37
 26
 24
 23
 24
 26
 25
 26
 23
 22
 22
 31
 29
 26
 27
 28
 33
 32
 31
 30
 32
 26
 30
 30
 25
 36
 34
 34
 36
 34
 36
 34
 36
 42
 44
 33
 34
 37
 31
 28
 38
 41
 43
 33
 33
 33
 31
 33
 33
 35
 27
 24
 23
 23
 24
 28
 30
 23
 25
 26
 26
 33
 36
 35
 35
 32
 29
 30
 32
 34
 26
 22
 27
 30
 27
 31
 31
 31
 31
 31
 32
 33
 28
 26
 27
 23
 22
 37
 33
 33
 39
 38
 37
 39
 42
 52
 54
 38
 39
 39
 34
 33
 34
 45
 39
 33
 32
 32
 33
 33
 30
 41
 44
 36
 35
 37
 36
 43
 42
 43
 41
 33
 34
 27
 29
 37
 46
 38
 40
 38
 44
 40
 38
 40
 49
 42
 37
 38
 38
 34
 33
 32
 39
 33
 24
 28
 25
 24
 35
 35
 41
 41
 36
 42
 42
 48
 45
 46
 38
 37
 32
 30
 33
 37
 38
 38
 38
 38
 38
 38
 37
 46
 44
 29
 32
 29
 30
 31
 29
 40
 41
 30
 33
 32
 35
 34
 33
 38
 41
 31
 29
 31
 32
 34
 29
 29
 28
 32
 32
 31
 32
 35
 34
 30
 31
 38
 41
 32
 33
 36
 36
 34
 31
 38
 40
 30
 30
 31
 35
 38
 40
 37
 39
 31
 34
 34
 34
 52
 48
 36
 39
 41
 40
 43
 41
 50
 48
 36
 41
 40
 39
 36
 38
 41
 44
 36
 39
 30
 32
 40
 37
 39
 40
 34
 34
 39
 35
 38
 34
 26
 25
 28
 27
 38
 36
 31
 32
 34
 35
 32
 32
 26
 28
 23
 24
 23
 36
 33
 33
 34
 31
 26
 25
 33
 46
 48
 35
 39
 38
 37
 37
 38
 68
 63
 50
 53
 53
 57
 57
 57
 65
 63
 33
 37
 37
 38
 38
 34
 36
 37
 30
 29
 38
 36
 34
 29
 29
 31
 28
 26
 37
 37
 28
 29
 33
 33
 38
 37
 39
 41
 31
 30
 34
 34
 33
 33
 29
 30
 26
 26
 35
 39
 33
 34
 35
 33
 36
 35
 36
 33
 26
 33
 35
 35
 29
 29
 31
 27
 29
 40
 38
 29
 28
 33
 32
 44
 43
 43
 42
 35
 37
 38
 43
 47
 47
 36
 34
 36
 37
 33
 30
 42
 34
 28
 30
 30
 33
 33
 37
 37
 38
 26
 31
 32
 32
 39
 41
 38
 37
 38
 34
 35
 30
 38
 34
 27
 26
 32
 33
 32
 32
 34
 36
 31
 31
 44
 45
 37
 39
 37
 39
 36
 43
 42
 41
 26
 28
 26
 26
 26
 31
 41
 32
 32
 33
 33
 40
 41
 40
 44
 33
 25
 25
 28
 22
 31
 34
 32
 32
 32
 33
 39
 37
 43
 46
 37
 30
 32
 36
 32
 44
 38
 43
 41
 43
 45
 45
 45
 51
 53
 41
 40
 36
 35
 36
 30
 42
 45
 32
 35
 37
 33
 35
 36
 47
 46
 35
 35
 34
 34
 35
 36
 35
 36
 23
 26
 23
 24
 24
 20
 36
 32
 33
 34
 34
 33
 35
 35
 46
 48
 31
 33
 38
 35
 38
 33
 46
 46
 33
 36
 40
 39
 34
 34
 45
 46
 39
 38
 39
 38
 34
 37
 44
 45
 36
 37
 32
 33
 32
 35
 36
 36
 28
 34
 31
 31
 33
 32
 31
 31
 33
 31
 30
 34
 30
 29
 31
 30
 34
 44
 45
 37
 38
 36
 36
 38
 44
 46
 42
 32
 33
 33
 34
 33
 32
 41
 37
 38
 37
 38
 33
 35
 40
 42
 49
 38
 37
 31
 35
 40
 40
 40
 32
 35
 29
 31
 35
 34
 32
 26
 28
 33
 32
 31
 31
 40
 38
 41
 41
 44
 41
 39
 39
 42
 41
 32
 29
 25
 26
 33
 35
 30
 33
 35
 37
 31
 35
 34
 31
 24
 25
 26
 26
 21
 23
 33
 28
 27
 29
 27
 28
 35
 33
 38
 36
 27
 29
 28
 25
 29
 39
 32
 33
 31
 28
 35
 33
 40
 39
 36
 28
 27
 28
 28
 30
 23
 27
 19
 20
 22
 27
 30
 49
 50
 50
 53
 51
 49
 54
 66
 61
 34
 32
 33
 36
 34
 32
 42
 42
 28
 27
 32
 33
 32
 41
 42
 41
 38
 35
 37
 35
 34
 41
 43
 33
 31
 33
 29
 31
 29
 42
 42
 32
 29
 32
 34
 36
 33
 43
 45
 34
 31
 31
 34
 36
 37
 46
 48
 39
 36
 39
 40
 43
 41
 42
 44
 33
 35
 36
 36
 29
 32
 41
 42
 34
 36
 35
 32
 31
 29
 37
 35
 25
 26
 27
 22
 25
 31
 29
 38
 31
 41
 41
 42
 43
 49
 46
 42
 42
 49
 44
 38
 39
 41
 41
 35
 36
 48
 49
 34
 36
 36
 36
 32
 29
 40
 43
 31
 31
 35
 35
 36
 33
 47
 46
 34
 36
 36
 36
 36
 35
 44
 44
 35
 34
 34
 32
 32
 32
 44
 48
 40
 41
 31
 34
 36
 37
 40
 42
 27
 34
 30
 27
 46
 48
 49
 50
 46
 47
 47
 49
 51
 52
 33
 35
 30
 30
 33
 31
 38
 27
 32
 33
 32
 41
 39
 40
 43
 43
 37
 37
 30
 40
 43
 35
 32
 34
 34
 35
 35
 39
 42
 36
 34
 34
 35
 32
 32
 41
 40
 30
 31
 29
 30
 31
 29
 41
 40
 37
 34
 35
 37
 40
 39
 40
 40
 31
 31
 23
 23
 26
 33
 30
 29
 28
 29
 29
 28
 26
 34
 30
 22
 24
 27
 30
 31
 33
 34
 36
 40
 43
 44
 41
 41
 37
 38
 38
 37
 36
 24
 25
 24
 26
 35
 37
 32
 35
 35
 41
 38
 44
 46
 43
 35
 39
 40
 41
 41
 43
 45
 38
 34
 36
 37
 36
 36
 43
 44
 35
 33
 34
 33
 34
 37
 32
 33
 25
 27
 26
 27
 25
 44
 42
 37
 37
 40
 41
 39
 38
 48
 50
 31
 33
 32
 30
 30
 37
 44
 46
 32
 34
 33
 35
 37
 40
 47
 40
 30
 31
 35
 33
 33
 32
 44
 39
 36
 35
 37
 36
 33
 34
 48
 50
 36
 37
 35
 35
 35
 35
 45
 47
 33
 34
 36
 37
 33
 34
 42
 44
 30
 31
 31
 32
 27
 31
 47
 45
 38
 38
 41
 38
 41
 49
 51
 45
 32
 39
 36
 37
 36
 47
 42
 34
 34
 33
 36
 26
 28
 39
 41
 29
 30
 32
 29
 29
 30
 42
 39
 30
 30
 33
 29
 30
 30
 39
 40
 30
 30
 30
 31
 28
 28
 38
 39
 29
 32
 31
 32
 31
 31
 37
 39
 32
 32
 31
 30
 31
 36
 42
 44
 34
 34
 32
 32
 30
 37
 43
 40
 33
 33
 27
 30
 28
 28
 44
 39
 33
 38
 39
 38
 42
 38
 49
 50
 34
 36
 35
 33
 33
 35
 42
 45
 35
 36
 35
 36
 35
 37
 40
 38
 28
 25
 29
 27
 37
 40
 38
 36
 33
 33
 32
 34
 36
 38
 30
 33
 33
 35
 34
 37
 36
 34
 25
 25
 26
 27
 27
 28
 27
 20
 22
 22
 25
 25
 32
 29
 28
 27
 38
 41
 37
 39
 37
 42
 36
 33
 45
 47
 35
 34
 36
 32
 34
 35
 40
 40
 29
 34
 33
 34
 41
 42
 42
 40
 32
 32
 32
 26
 35
 37
 26
 27
 26
 25
 31
 39
 37
 39
 30
 34
 36
 36
 50
 50
 43
 38
 36
 36
 39
 39
 44
 46
 35
 37
 34
 35
 33
 35
 43
 38
 30
 30
 32
 30
 32
 30
 37
 39
 29
 39
 40
 40
 39
 42
 43
 42
 34
 33
 38
 28
 25
 28
 27
 25
 24
 24
 28
 27
 33
 32
 33
 31
 31
 33
 38
 36
 43
 46
 35
 37
 37
 38
 39
 38
 27
 27
 22
 21
 21
 22
 22
 29
 30
 29
 29
 30
 34
 42
 40
 43
 40
 31
 30
 29
 32
 41
 38
 32
 31
 30
 32
 39
 39
 49
 47
 41
 41
 41
 42
 43
 43
 43
 44
 34
 35
 33
 34
 35
 37
 37
 38
 27
 28
 25
 26
 29
 31
 24
 23
 26
 25
 25
 23
 32
 31
 28
 28
 27
 31
 25
 27
 27
 31
 25
 38
 39
 33
 36
 33
 36
 34
 36
 45
 41
 32
 36
 36
 33
 34
 33
 36
 38
 24
 24
 25
 25
 33
 29
 29
 33
 32
 32
 33
 34
 44
 45
 34
 31
 32
 32
 32
 37
 47
 45
 34
 35
 32
 34
 33
 34
 44
 40
 29
 33
 32
 33
 33
 34
 45
 40
 35
 32
 35
 33
 36
 35
 45
 42
 33
 33
 32
 35
 36
 39
 37
 35
 27
 30
 31
 32
 40
 39
 37
 34
 34
 37
 38
 34
 28
 30
 26
 24
 25
 23
 34
 31
 32
 33
 32
 31
 30
 38
 37
 39
 28
 29
 29
 28
 29
 32
 30
 20
 20
 34
 36
 35
 36
 36
 34
 33
 34
 44
 44
 28
 30
 31
 29
 29
 29
 38
 39
 29
 32
 32
 29
 30
 33
 41
 41
 29
 30
 33
 28
 28
 30
 45
 43
 34
 37
 38
 37
 35
 36
 46
 47
 33
 31
 33
 31
 29
 28
 42
 44
 31
 32
 33
 33
 34
 37
 210
 210
 197
 198
 199
 198
 197
 198
 205
 37
 30
 31
 30
 31
 31
 33
 42
 42
 32
 33
 32
 34
 35
 33
 46
 40
 33
 35
 34
 32
 33
 44
 46
 52
 39
 40
 41
 38
 40
 50
 51
 35
 34
 30
 32
 31
 34
 45
 39
 32
 33
 33
 38
 34
 33
 44
 38
 29
 31
 30
 29
 30
 41
 42
 39
 32
 34
 34
 34
 34
 44
 45
 31
 32
 33
 32
 35
 38
 34
 36
 28
 28
 29
 33
 32
 31
 28
 25
 26
 26
 21
 32
 32
 27
 29
 32
 38
 37
 39
 36
 38
 27
 32
 32
 30
 39
 32
 33
 31
 33
 32
 31
 29
 41
 41
 30
 32
 31
 33
 32
 31
 33
 32
 23
 24
 24
 33
 34
 34
 33
 35
 31
 31
 31
 40
 40
 30
 31
 30
 30
 30
 42
 42
 36
 33
 31
 34
 33
 36
 34
 31
 24
 29
 30
 29
 29
 28
 27
 26
 27
 28
 36
 27
 29
 28
 31
 29
 30
 31
 36
 38
 27
 28
 29
 28
 24
 27
 38
 37
 28
 30
 32
 35
 36
 37
 63
 65
 57
 58
 58
 56
 75
 73
 45
 44
 45
 46
 42
 44
 54
 54
 33
 30
 30
 34
 34
 33
 44
 44
 32
 31
 32
 35
 37
 36
 41
 43
 35
 37
 36
 36
 36
 39
 36
 35
 31
 34
 36
 36
 41
 43
 46
 36
 37
 39
 38
 35
 45
 44
 44
 40
 42
 42
 41
 41
 39
 40
 30
 28
 25
 34
 29
 28
 31
 30
 29
 33
 29
 40
 40
 29
 30
 31
 30
 29
 38
 41
 42
 36
 38
 37
 37
 41
 36
 49
 44
 33
 35
 36
 37
 36
 36
 42
 43
 30
 34
 34
 31
 32
 24
 37
 40
 31
 32
 33
 31
 34
 34
 44
 44
 32
 31
 33
 33
 32
 33
 40
 43
 32
 33
 35
 37
 38
 35
 36
 35
 24
 25
 26
 35
 36
 33
 38
 38
 36
 39
 40
 42
 43
 35
 36
 42
 35
 37
 36
 40
 41
 33
 38
 37
 35
 30
 37
 40
 41
 32
 33
 35
 30
 29
 31
 41
 37
 30
 33
 30
 32
 39
 39
 41
 41
 33
 32
 33
 34
 44
 44
 37
 37
 39
 34
 37
 37
 48
 42
 35
 34
 27
 38
 36
 33
 31
 34
 24
 27
 25
 29
 29
 23
 27
 26
 28
 40
 42
 40
 41
 37
 38
 37
 39
 38
 38
 26
 37
 37
 30
 32
 32
 36
 35
 33
 33
 30
 22
 25
 26
 25
 27
 26
 19
 20
 20
 23
 27
 35
 36
 35
 36
 34
 36
 34
 36
 35
 34
 25
 23
 23
 25
 36
 36
 41
 36
 38
 40
 37
 39
 51
 49
 37
 39
 32
 35
 36
 34
 48
 50
 42
 40
 42
 44
 44
 41
 51
 51
 36
 36
 33
 38
 38
 36
 46
 45
 35
 37
 36
 38
 34
 29
 40
 42
 31
 32
 33
 32
 32
 31
 29
 31
 31
 33
 37
 42
 40
 40
 45
 51
 48
 47
 40
 40
 35
 30
 31
 46
 40
 35
 35
 36
 38
 37
 37
 48
 49
 38
 37
 36
 37
 34
 34
 42
 45
 38
 38
 37
 36
 37
 44
 47
 48
 39
 42
 37
 37
 35
 32
 42
 32
 36
 37
 36
 29
 27
 30
 31
 34
 25
 26
 34
 31
 32
 28
 34
 39
 41
 36
 47
 47
 38
 40
 41
 43
 37
 35
 29
 29
 27
 26
 22
 21
 21
 27
 29
 32
 30
 33
 30
 30
 35
 45
 47
 36
 36
 40
 41
 47
 48
 47
 43
 39
 35
 35
 39
 28
 29
 24
 25
 27
 35
 32
 32
 34
 28
 30
 35
 46
 48
 46
 40
 38
 39
 40
 42
 43
 40
 28
 26
 20
 26
 25
 37
 37
 33
 36
 39
 38
 40
 37
 46
 47
 36
 36
 37
 34
 35
 33
 31
 31
 26
 24
 28
 29
 29
 39
 34
 31
 33
 32
 33
 34
 33
 41
 42
 38
 34
 36
 36
 35
 37
 47
 47
 34
 38
 32
 32
 33
 31
 44
 40
 33
 33
 36
 30
 33
 31
 41
 43
 35
 34
 37
 35
 33
 34
 33
 35
 25
 27
 18
 21
 36
 39
 39
 43
 43
 41
 41
 42
 52
 51
 34
 35
 33
 32
 39
 40
 42
 38
 31
 34
 34
 37
 31
 40
 38
 33
 33
 32
 32
 32
 32
 31
 46
 39
 32
 32
 34
 33
 39
 36
 47
 48
 35
 37
 40
 40
 36
 39
 43
 45
 32
 34
 33
 33
 29
 32
 32
 33
 29
 26
 26
 24
 36
 36
 38
 37
 36
 36
 32
 34
 44
 47
 33
 33
 32
 33
 35
 34
 45
 46
 36
 34
 35
 37
 41
 40
 38
 37
 32
 29
 32
 32
 41
 39
 36
 35
 30
 32
 31
 32
 40
 42
 31
 34
 34
 31
 34
 35
 36
 35
 29
 27
 27
 28
 25
 27
 26
 25
 25
 35
 32
 31
 35
 34
 35
 37
 37
 42
 39
 29
 28
 31
 34
 32
 33
 29
 30
 27
 27
 33
 32
 37
 32
 38
 37
 37
 38
 38
 36
 40
 42
 35
 36
 28
 29
 29
 29
 34
 35
 28
 28
 26
 25
 28
 25
 38
 40
 33
 35
 39
 38
 39
 40
 47
 48
 37
 41
 41
 39
 36
 45
 42
 39
 33
 35
 31
 31
 27
 42
 43
 34
 33
 37
 37
 33
 42
 42
 44
 29
 31
 31
 34
 38
 40
 45
 35
 35
 31
 33
 32
 40
 40
 32
 33
 29
 29
 31
 30
 39
 39
 30
 30
 30
 31
 33
 33
 34
 33
 22
 27
 27
 28
 29
 33
 20
 22
 22
 24
 25
 27
 26
 31
 27
 24
 24
 25
 25
 24
 27
 24
 33
 29
 29
 27
 32
 26
 28
 36
 30
 32
 25
 28
 31
 30
 27
 27
 36
 31
 30
 33
 34
 31
 29
 34
 45
 41
 35
 36
 37
 33
 32
 32
 35
 27
 22
 25
 25
 21
 33
 32
 31
 30
 30
 34
 33
 29
 39
 41
 30
 31
 29
 31
 32
 31
 40
 35
 30
 31
 33
 32
 32
 32
 34
 30
 24
 26
 24
 24
 32
 32
 31
 32
 28
 27
 33
 31
 40
 40
 36
 35
 34
 33
 35
 34
 45
 47
 38
 40
 36
 37
 39
 38
 48
 49
 35
 33
 36
 37
 34
 34
 33
 35
 28
 40
 41
 38
 37
 38
 36
 37
 36
 43
 41
 30
 30
 32
 32
 33
 33
 42
 37
 31
 31
 31
 30
 29
 38
 37
 37
 30
 27
 30
 28
 28
 36
 34
 28
 28
 31
 28
 29
 31
 32
 33
 25
 24
 26
 33
 31
 32
 33
 33
 31
 31
 31
 39
 40
 32
 35
 36
 34
 36
 40
 39
 39
 31
 35
 39
 33
 31
 41
 42
 34
 34
 39
 42
 37
 34
 42
 41
 32
 31
 33
 33
 29
 26
 38
 37
 29
 30
 28
 30
 28
 29
 40
 42
 29
 31
 29
 32
 37
 35
 44
 46
 38
 34
 33
 33
 42
 40
 44
 46
 36
 35
 30
 30
 31
 41
 32
 33
 28
 32
 33
 37
 38
 36
 37
 28
 40
 43
 51
 44
 46
 42
 42
 44
 55
 48
 38
 38
 30
 32
 30
 42
 43
 42
 32
 33
 35
 33
 33
 35
 38
 25
 26
 36
 35
 40
 37
 36
 38
 37
 36
 38
 31
 27
 30
 23
 26
 30
 28
 49
 53
 52
 52
 56
 53
 54
 53
 27
 28
 28
 25
 30
 31
 28
 28
 33
 34
 33
 31
 33
 42
 36
 35
 34
 33
 29
 35
 32
 42
 44
 35
 38
 36
 37
 37
 36
 43
 44
 36
 36
 33
 29
 28
 37
 39
 40
 32
 33
 33
 36
 38
 42
 45
 35
 36
 37
 40
 38
 39
 38
 36
 30
 31
 27
 36
 30
 31
 33
 33
 34
 39
 40
 36
 42
 34
 37
 34
 33
 37
 35
 28
 29
 36
 37
 35
 37
 38
 40
 36
 36
 35
 46
 38
 32
 32
 33
 36
 32
 35
 42
 44
 33
 33
 33
 38
 40
 36
 43
 44
 35
 34
 35
 38
 36
 29
 35
 32
 24
 36
 37
 37
 36
 35
 34
 36
 42
 39
 39
 30
 30
 31
 33
 30
 37
 40
 31
 32
 33
 29
 34
 42
 43
 41
 32
 39
 38
 36
 36
 47
 41
 35
 32
 36
 34
 27
 30
 37
 38
 31
 29
 34
 35
 32
 35
 48
 47
 42
 44
 47
 53
 48
 61
 59
 59
 48
 49
 46
 43
 39
 39
 42
 34
 36
 33
 33
 31
 33
 43
 44
 32
 31
 28
 30
 31
 34
 35
 37
 26
 26
 28
 33
 34
 34
 32
 37
 34
 28
 28
 31
 31
 24
 22
 20
 27
 34
 36
 37
 41
 43
 43
 45
 44
 52
 49
 32
 31
 37
 34
 32
 33
 38
 40
 31
 32
 31
 31
 23
 23
 32
 35
 34
 32
 34
 33
 35
 36
 45
 47
 37
 37
 33
 32
 35
 32
 37
 40
 27
 30
 30
 37
 35
 36
 38
 38
 37
 35
 36
 42
 44
 34
 34
 33
 27
 31
 28
 36
 37
 28
 27
 27
 28
 29
 28
 35
 34
 29
 31
 30
 29
 36
 33
 33
 36
 28
 29
 27
 35
 37
 38
 34
 33
 40
 37
 34
 50
 51
 40
 39
 45
 43
 46
 38
 52
 54
 38
 39
 40
 41
 36
 40
 49
 49
 34
 31
 33
 31
 37
 33
 42
 41
 33
 33
 34
 34
 34
 38
 43
 44
 37
 35
 34
 33
 33
 34
 36
 33
 23
 23
 26
 26
 29
 41
 40
 38
 37
 40
 39
 38
 38
 39
 40
 28
 25
 29
 29
 44
 41
 38
 39
 38
 38
 39
 41
 49
 52
 36
 39
 35
 38
 36
 33
 46
 48
 36
 33
 35
 37
 37
 35
 47
 50
 36
 37
 38
 39
 38
 36
 45
 47
 32
 33
 36
 33
 30
 46
 48
 47
 37
 38
 46
 44
 42
 48
 49
 36
 41
 42
 42
 43
 35
 43
 45
 34
 36
 36
 34
 37
 37
 45
 49
 35
 37
 38
 35
 36
 37
 48
 51
 38
 38
 41
 39
 40
 41
 49
 49
 35
 36
 36
 37
 36
 35
 43
 46
 31
 30
 30
 34
 34
 31
 47
 48
 35
 38
 38
 39
 39
 36
 48
 49
 35
 36
 37
 37
 38
 37
 47
 47
 34
 35
 34
 33
 32
 33
 41
 39
 33
 35
 37
 39
 37
 34
 37
 37
 29
 37
 36
 31
 31
 32
 34
 35
 44
 40
 41
 33
 34
 34
 37
 34
 41
 37
 29
 33
 35
 36
 31
 32
 35
 37
 25
 26
 26
 38
 37
 37
 34
 38
 35
 34
 34
 43
 45
 32
 32
 33
 36
 30
 34
 36
 34
 25
 25
 28
 35
 33
 30
 33
 29
 29
 30
 30
 41
 38
 30
 31
 35
 33
 41
 44
 43
 42
 37
 35
 34
 35
 31
 42
 38
 38
 38
 38
 32
 33
 34
 44
 45
 33
 34
 30
 31
 32
 35
 41
 42
 34
 36
 31
 34
 42
 38
 39
 37
 32
 31
 30
 27
 33
 35
 26
 27
 28
 30
 39
 41
 41
 41
 38
 37
 38
 41
 46
 45
 33
 33
 35
 32
 32
 42
 35
 35
 30
 31
 31
 34
 33
 37
 40
 30
 33
 33
 34
 33
 37
 35
 35
 26
 26
 28
 35
 37
 34
 36
 33
 34
 33
 36
 42
 41
 28
 29
 29
 31
 29
 30
 39
 38
 28
 32
 35
 33
 33
 32
 46
 43
 34
 35
 36
 36
 34
 31
 33
 33
 23
 20
 22
 21
 30
 29
 27
 31
 29
 31
 28
 30
 38
 39
 29
 28
 28
 26
 28
 37
 38
 44
 35
 37
 33
 34
 35
 45
 44
 34
 38
 30
 28
 37
 38
 39
 34
 28
 31
 32
 30
 29
 30
 20
 37
 38
 34
 38
 38
 38
 49
 51
 50
 54
 41
 43
 44
 40
 35
 42
 34
 35
 35
 37
 34
 35
 32
 41
 43
 30
 31
 30
 34
 27
 28
 37
 40
 31
 32
 34
 29
 30
 32
 37
 37
 28
 29
 26
 25
 29
 31
 43
 40
 33
 34
 35
 38
 36
 35
 43
 43
 31
 30
 30
 32
 30
 25
 28
 26
 21
 21
 23
 25
 33
 32
 32
 34
 32
 34
 40
 41
 40
 33
 31
 32
 32
 29
 30
 26
 24
 25
 34
 35
 30
 30
 30
 33
 35
 36
 44
 43
 33
 32
 37
 38
 35
 33
 46
 45
 32
 33
 36
 36
 32
 32
 45
 46
 33
 38
 38
 38
 38
 39
 44
 45
 33
 36
 34
 28
 32
 44
 45
 44
 34
 34
 33
 36
 37
 48
 49
 35
 32
 32
 33
 33
 34
 39
 35
 27
 28
 30
 29
 30
 29
 38
 38
 28
 28
 28
 29
 33
 32
 40
 37
 30
 31
 30
 33
 36
 35
 49
 46
 39
 45
 46
 46
 47
 44
 49
 51
 35
 36
 39
 28
 28
 29
 37
 33
 29
 27
 35
 33
 32
 27
 28
 29
 26
 27
 23
 25
 21
 21
 19
 21
 22
 31
 31
 29
 33
 32
 31
 31
 34
 42
 38
 32
 28
 31
 27
 28
 27
 35
 31
 25
 28
 26
 32
 34
 33
 44
 45
 36
 39
 41
 38
 37
 33
 42
 43
 33
 32
 34
 31
 30
 29
 41
 37
 27
 30
 28
 31
 31
 28
 40
 44
 31
 30
 30
 29
 32
 34
 39
 41
 31
 28
 31
 31
 32
 43
 40
 35
 28
 30
 29
 30
 29
 33
 36
 28
 27
 31
 33
 30
 29
 30
 29
 26
 29
 27
 35
 33
 28
 29
 34
 34
 35
 33
 40
 41
 32
 35
 36
 34
 31
 35
 42
 38
 30
 32
 34
 55
 58
 68
 65
 61
 57
 58
 67
 67
 43
 40
 42
 31
 32
 38
 36
 35
 25
 25
 29
 35
 27
 31
 32
 31
 37
 40
 43
 42
 37
 35
 37
 36
 47
 40
 37
 41
 38
 45
 45
 43
 50
 51
 37
 39
 43
 38
 35
 30
 41
 39
 34
 33
 39
 38
 36
 46
 46
 40
 36
 33
 37
 38
 41
 43
 37
 33
 36
 37
 36
 33
 34
 26
 19
 20
 22
 21
 23
 35
 32
 32
 31
 35
 32
 36
 35
 49
 46
 33
 33
 32
 32
 33
 32
 45
 45
 31
 31
 35
 36
 35
 36
 47
 49
 34
 36
 37
 39
 37
 37
 46
 49
 35
 36
 36
 39
 38
 36
 48
 48
 36
 35
 36
 36
 42
 35
 36
 34
 25
 28
 27
 25
 27
 29
 23
 25
 26
 26
 29
 26
 27
 31
 39
 37
 36
 35
 35
 36
 30
 38
 40
 36
 31
 29
 30
 32
 42
 43
 41
 33
 30
 31
 35
 35
 49
 43
 37
 35
 36
 36
 36
 37
 49
 47
 33
 33
 37
 36
 39
 39
 48
 50
 34
 35
 37
 38
 32
 37
 44
 43
 37
 38
 38
 41
 38
 39
 52
 48
 41
 42
 40
 37
 38
 36
 42
 43
 31
 30
 27
 28
 28
 40
 40
 37
 30
 29
 34
 32
 36
 49
 47
 35
 37
 42
 44
 40
 38
 45
 48
 35
 33
 36
 34
 31
 31
 31
 33
 27
 25
 27
 26
 25
 23
 24
 26
 27
 28
 27
 36
 33
 33
 30
 32
 35
 21
 25
 37
 39
 30
 31
 34
 36
 33
 32
 48
 48
 36
 37
 39
 41
 40
 37
 49
 49
 36
 36
 40
 40
 39
 35
 44
 44
 29
 30
 36
 38
 36
 36
 47
 44
 36
 37
 36
 37
 31
 31
 33
 33
 26
 28
 26
 27
 27
 28
 29
 35
 38
 39
 36
 32
 34
 37
 36
 47
 46
 38
 34
 35
 36
 35
 35
 41
 43
 37
 35
 37
 39
 39
 35
 49
 50
 40
 42
 37
 39
 39
 31
 43
 46
 33
 34
 34
 37
 35
 33
 46
 49
 41
 40
 39
 38
 40
 37
 48
 48
 35
 34
 31
 29
 31
 29
 40
 40
 28
 30
 31
 29
 29
 33
 41
 43
 30
 35
 36
 36
 35
 33
 50
 47
 42
 41
 40
 37
 39
 50
 50
 50
 34
 33
 35
 34
 36
 42
 43
 32
 34
 34
 33
 33
 29
 33
 31
 25
 23
 22
 21
 34
 31
 38
 39
 41
 39
 39
 41
 51
 51
 38
 39
 30
 34
 34
 36
 44
 45
 33
 36
 37
 35
 36
 33
 48
 45
 38
 40
 40
 38
 40
 40
 39
 45
 30
 40
 41
 36
 34
 32
 33
 34
 34
 35
 34
 24
 24
 40
 38
 38
 39
 42
 42
 37
 37
 47
 48
 31
 32
 31
 33
 29
 32
 41
 42
 31
 34
 33
 32
 34
 32
 49
 46
 37
 38
 37
 32
 34
 36
 48
 46
 30
 31
 32
 28
 32
 35
 44
 42
 32
 34
 30
 32
 38
 39
 48
 46
 35
 36
 38
 35
 36
 36
 46
 47
 36
 37
 36
 40
 37
 40
 50
 53
 43
 42
 44
 38
 42
 43
 44
 43
 31
 30
 28
 28
 29
 31
 38
 33
 34
 36
 36
 38
 38
 39
 48
 48
 36
 36
 33
 34
 34
 33
 43
 37
 30
 34
 33
 34
 35
 33
 40
 37
 26
 26
 32
 32
 33
 42
 43
 45
 35
 36
 36
 36
 35
 38
 36
 30
 31
 29
 30
 35
 34
 43
 32
 32
 34
 36
 37
 40
 39
 36
 39
 36
 36
 37
 39
 35
 43
 38
 39
 37
 37
 30
 30
 31
 33
 35
 28
 33
 33
 33
 29
 31
 43
 45
 34
 33
 36
 31
 33
 31
 32
 36
 23
 23
 24
 24
 33
 37
 35
 36
 35
 39
 39
 38
 43
 48
 37
 34
 36
 40
 39
 30
 36
 38
 37
 34
 37
 37
 38
 31
 31
 31
 29
 31
 28
 30
 24
 27
 30
 30
 31
 33
 26
 26
 28
 28
 40
 38
 37
 37
 37
 34
 32
 33
 40
 41
 28
 30
 30
 31
 32
 34
 43
 43
 31
 32
 32
 31
 32
 32
 40
 37
 29
 31
 28
 33
 33
 30
 35
 35
 27
 30
 39
 39
 39
 37
 38
 40
 37
 36
 47
 45
 35
 36
 36
 35
 35
 31
 44
 42
 32
 34
 37
 35
 38
 36
 51
 48
 34
 33
 35
 35
 36
 36
 40
 38
 28
 29
 30
 32
 36
 36
 28
 31
 27
 28
 28
 35
 33
 32
 27
 25
 38
 38
 35
 38
 43
 36
 38
 36
 48
 50
 37
 40
 40
 38
 33
 35
 43
 44
 34
 31
 33
 31
 33
 37
 42
 41
 32
 35
 34
 34
 33
 36
 45
 40
 32
 35
 35
 32
 34
 44
 44
 40
 28
 31
 33
 29
 40
 39
 36
 28
 30
 28
 31
 29
 32
 33
 24
 25
 37
 40
 38
 39
 41
 40
 34
 37
 44
 45
 32
 28
 29
 32
 36
 37
 37
 35
 26
 26
 27
 26
 26
 26
 22
 20
 19
 22
 31
 32
 33
 33
 33
 29
 30
 30
 42
 39
 28
 30
 35
 33
 33
 39
 38
 34
 29
 29
 28
 27
 25
 27
 26
 23
 23
 24
 27
 30
 31
 32
 30
 32
 33
 34
 37
 37
 34
 40
 36
 38
 35
 36
 34
 34
 29
 32
 29
 25
 25
 26
 27
 34
 36
 34
 34
 32
 31
 28
 29
 30
 26
 20
 22
 21
 24
 23
 24
 23
 30
 28
 41
 40
 40
 43
 37
 39
 39
 43
 47
 49
 36
 35
 38
 36
 37
 42
 41
 34
 26
 27
 31
 30
 38
 38
 38
 30
 31
 33
 34
 34
 42
 43
 31
 33
 35
 33
 36
 35
 52
 52
 40
 39
 41
 42
 44
 46
 52
 51
 33
 32
 31
 35
 33
 27
 39
 40
 31
 33
 35
 38
 42
 40
 43
 45
 31
 32
 34
 37
 36
 43
 34
 36
 36
 38
 38
 36
 43
 35
 36
 29
 32
 29
 31
 30
 34
 30
 24
 27
 29
 39
 35
 35
 39
 39
 35
 38
 34
 42
 39
 32
 30
 33
 31
 30
 44
 43
 43
 32
 32
 33
 33
 33
 43
 42
 28
 54
 60
 60
 64
 61
 68
 66
 56
 56
 39
 35
 36
 38
 35
 39
 33
 35
 51
 53
 49
 46
 48
 46
 50
 59
 59
 56
 40
 40
 39
 28
 38
 39
 37
 29
 33
 35
 42
 41
 36
 38
 35
 36
 36
 47
 42
 42
 35
 35
 36
 35
 36
 35
 36
 26
 28
 37
 34
 35
 34
 39
 33
 41
 39
 43
 40
 33
 33
 34
 32
 42
 45
 38
 40
 37
 38
 35
 37
 37
 40
 22
 25
 35
 29
 29
 34
 39
 35
 36
 46
 47
 51
 39
 40
 39
 37
 43
 43
 46
 35
 37
 29
 33
 44
 43
 46
 32
 34
 32
 51
 51
 51
 49
 37
 40
 36
 46
 48
 48
 39
 36
 35
 36
 47
 43
 45
 39
 38
 40
 31
 34
 38
 33
 28
 28
 42
 38
 40
 37
 40
 39
 38
 51
 48
 49
 35
 34
 31
 39
 40
 38
 35
 27
 31
 31
 32
 30
 42
 37
 34
 33
 32
 32
 27
 33
 32
 32
 32
 31
 31
 32
 31
 32
 38
 45
 44
 44
 32
 33
 34
 42
 47
 47
 40
 31
 35
 35
 37
 46
 47
 38
 36
 32
 30
 34
 35
 39
 41
 25
 41
 45
 41
 42
 38
 42
 42
 49
 49
 49
 35
 35
 34
 34
 48
 46
 45
 37
 33
 35
 38
 46
 49
 47
 34
 33
 35
 36
 45
 44
 40
 32
 34
 39
 38
 35
 36
 39
 31
 31
 42
 41
 38
 31
 31
 34
 41
 42
 44
 40
 32
 33
 34
 35
 46
 46
 37
 34
 31
 32
 38
 45
 45
 43
 33
 32
 33
 32
 44
 45
 40
 31
 39
 37
 40
 50
 50
 46
 38
 40
 41
 38
 42
 45
 48
 34
 31
 32
 35
 42
 45
 44
 39
 37
 33
 33
 36
 34
 28
 23
 18
 16
 17
 19
 18
 21
 20
 31
 32
 28
 32
 31
 33
 36
 40
 40
 47
 40
 39
 40
 39
 40
 46
 43
 38
 40
 31
 29
 37
 37
 36
 36
 30
 35
 37
 34
 39
 38
 28
 28
 37
 37
 39
 29
 31
 34
 41
 34
 34
 39
 32
 30
 32
 42
 42
 37
 29
 27
 29
 42
 40
 37
 37
 33
 29
 32
 43
 47
 48
 36
 36
 39
 49
 48
 51
 40
 38
 38
 40
 48
 45
 44
 35
 36
 37
 37
 44
 41
 37
 30
 31
 33
 30
 48
 48
 47
 38
 40
 43
 42
 45
 44
 44
 28
 29
 30
 28
 25
 28
 25
 28
 29
 30
 28
 29
 33
 34
 32
 42
 41
 33
 30
 29
 29
 32
 39
 39
 40
 28
 29
 31
 31
 30
 42
 42
 31
 32
 31
 34
 39
 39
 50
 48
 36
 36
 41
 42
 39
 38
 45
 44
 38
 39
 41
 42
 38
 36
 43
 46
 34
 36
 32
 23
 24
 26
 43
 44
 35
 38
 42
 42
 42
 46
 54
 56
 39
 36
 35
 37
 35
 32
 45
 42
 41
 42
 43
 44
 43
 45
 52
 55
 43
 45
 41
 33
 34
 38
 41
 37
 30
 31
 32
 30
 37
 39
 39
 36
 35
 37
 37
 36
 44
 40
 33
 35
 34
 33
 30
 35
 30
 30
 25
 27
 30
 36
 36
 36
 38
 33
 30
 32
 32
 37
 38
 30
 27
 29
 28
 26
 25
 27
 28
 23
 25
 30
 30
 28
 30
 39
 41
 36
 37
 37
 37
 31
 36
 37
 37
 26
 24
 29
 34
 34
 33
 38
 32
 33
 43
 44
 42
 41
 36
 39
 38
 38
 47
 48
 40
 38
 40
 35
 37
 34
 43
 38
 34
 35
 35
 34
 35
 36
 48
 45
 37
 37
 33
 32
 34
 35
 42
 44
 30
 33
 34
 36
 33
 32
 31
 35
 22
 23
 24
 23
 35
 31
 33
 36
 36
 34
 34
 33
 38
 40
 32
 33
 42
 38
 39
 37
 38
 41
 39
 39
 45
 41
 37
 38
 39
 45
 42
 40
 49
 47
 40
 38
 32
 32
 33
 28
 38
 35
 32
 33
 36
 35
 37
 36
 45
 41
 34
 35
 31
 26
 23
 24
 36
 38
 34
 33
 34
 32
 34
 32
 45
 48
 36
 37
 30
 30
 31
 36
 37
 39
 27
 25
 25
 26
 24
 27
 28
 22
 35
 32
 32
 34
 35
 39
 37
 36
 42
 44
 31
 33
 33
 33
 40
 35
 35
 37
 28
 26
 27
 26
 39
 41
 37
 35
 38
 36
 36
 40
 44
 41
 31
 38
 34
 35
 35
 33
 44
 42
 41
 44
 44
 38
 35
 35
 41
 43
 30
 33
 30
 29
 25
 32
 32
 33
 25
 26
 32
 28
 32
 33
 36
 34
 33
 33
 37
 34
 30
 35
 28
 28
 25
 29
 27
 28
 25
 28
 28
 32
 33
 33
 34
 28
 28
 29
 28
 35
 35
 27
 27
 31
 32
 30
 29
 34
 36
 29
 29
 38
 36
 35
 34
 35
 35
 35
 33
 37
 36
 28
 38
 31
 30
 33
 33
 34
 34
 42
 42
 42
 33
 30
 33
 30
 31
 39
 36
 30
 30
 29
 31
 31
 38
 37
 38
 31
 31
 30
 29
 41
 35
 35
 36
 33
 35
 36
 36
 45
 46
 33
 32
 34
 28
 29
 30
 38
 39
 27
 29
 31
 28
 28
 43
 42
 44
 33
 34
 35
 34
 30
 32
 32
 17
 15
 15
 14
 10
 13
 15
 14
 13
 12
 12
 13
 11
 16
 18
 18
 20
 30
 31
 32
 33
 40
 41
 43
 38
 49
 45
 36
 36
 32
 33
 34
 33
 32
 33
 23
 21
 24
 33
 31
 30
 31
 35
 31
 30
 40
 42
 42
 29
 29
 32
 32
 29
 39
 38
 27
 29
 32
 32
 34
 32
 40
 42
 33
 35
 36
 38
 26
 28
 31
 33
 24
 26
 27
 35
 33
 31
 32
 32
 31
 33
 38
 36
 29
 26
 26
 29
 25
 30
 29
 30
 28
 26
 28
 29
 29
 26
 26
 23
 23
 28
 22
 25
 25
 20
 34
 33
 34
 34
 41
 34
 35
 34
 44
 46
 33
 35
 35
 38
 31
 37
 38
 39
 29
 30
 35
 37
 36
 34
 36
 26
 28
 30
 26
 30
 27
 27
 21
 23
 25
 28
 28
 32
 30
 27
 28
 26
 44
 43
 40
 39
 41
 38
 40
 36
 48
 48
 30
 30
 31
 31
 32
 55
 57
 52
 46
 49
 49
 60
 60
 57
 37
 35
 31
 31
 45
 46
 44
 31
 32
 38
 33
 45
 49
 52
 38
 34
 37
 37
 44
 40
 40
 26
 37
 36
 34
 33
 35
 37
 33
 43
 42
 43
 35
 34
 30
 32
 41
 42
 37
 31
 32
 34
 33
 42
 43
 40
 32
 31
 29
 31
 43
 44
 45
 36
 34
 35
 36
 39
 39
 38
 26
 36
 33
 34
 31
 34
 33
 43
 43
 43
 42
 33
 33
 40
 41
 37
 37
 28
 28
 26
 25
 206
 207
 199
 202
 205
 205
 202
 215
 217
 217
 38
 36
 38
 40
 48
 53
 52
 40
 39
 38
 38
 45
 47
 38
 30
 37
 36
 38
 37
 37
 39
 44
 44
 42
 44
 38
 37
 37
 45
 46
 43
 39
 38
 39
 40
 40
 39
 39
 27
 28
 34
 32
 31
 34
 32
 27
 27
 42
 43
 45
 41
 41
 41
 39
 49
 47
 49
 35
 37
 37
 30
 39
 39
 38
 28
 31
 30
 35
 39
 41
 39
 31
 32
 30
 30
 34
 30
 28
 27
 38
 39
 41
 38
 43
 43
 40
 51
 52
 46
 35
 40
 40
 37
 41
 42
 43
 32
 35
 38
 37
 43
 44
 39
 34
 37
 35
 36
 45
 40
 41
 32
 33
 32
 41
 37
 42
 37
 32
 30
 34
 30
 29
 29
 23
 31
 25
 28
 27
 28
 27
 28
 23
 42
 40
 33
 35
 37
 36
 39
 45
 48
 48
 30
 30
 35
 35
 47
 46
 39
 34
 35
 36
 40
 40
 38
 40
 27
 29
 29
 42
 43
 41
 33
 36
 36
 34
 45
 47
 52
 38
 40
 45
 46
 52
 49
 49
 41
 43
 36
 36
 35
 30
 29
 26
 25
 28
 25
 26
 26
 27
 41
 37
 36
 37
 37
 34
 37
 43
 45
 41
 29
 32
 34
 35
 43
 45
 44
 38
 39
 39
 43
 49
 49
 47
 35
 35
 34
 33
 35
 37
 31
 24
 25
 41
 42
 38
 38
 40
 40
 44
 45
 46
 47
 33
 33
 32
 44
 45
 38
 33
 34
 35
 49
 47
 48
 48
 38
 43
 51
 48
 47
 45
 32
 29
 33
 31
 41
 37
 34
 38
 40
 41
 39
 49
 47
 48
 36
 36
 32
 29
 36
 37
 38
 30
 31
 29
 33
 43
 40
 41
 41
 37
 40
 40
 47
 47
 47
 37
 38
 30
 30
 33
 43
 40
 32
 30
 33
 32
 28
 35
 36
 37
 27
 30
 29
 45
 43
 44
 45
 43
 43
 40
 43
 42
 41
 27
 28
 30
 39
 34
 33
 35
 30
 32
 37
 36
 45
 41
 36
 33
 39
 38
 38
 46
 36
 36
 32
 36
 34
 38
 37
 38
 34
 30
 29
 30
 30
 27
 30
 28
 26
 26
 37
 35
 38
 42
 40
 40
 38
 37
 44
 45
 33
 34
 36
 32
 32
 33
 36
 37
 31
 31
 32
 34
 28
 40
 42
 39
 32
 34
 35
 33
 37
 41
 43
 32
 30
 32
 36
 36
 40
 51
 45
 42
 39
 41
 43
 49
 41
 43
 37
 31
 31
 25
 26
 28
 37
 31
 32
 32
 32
 32
 33
 33
 41
 40
 30
 30
 31
 36
 32
 42
 45
 45
 36
 32
 34
 39
 37
 37
 38
 37
 34
 34
 37
 36
 38
 37
 38
 34
 36
 30
 30
 32
 27
 34
 35
 28
 28
 27
 32
 34
 34
 34
 34
 27
 32
 30
 31
 30
 28
 30
 33
 31
 31
 32
 28
 37
 38
 38
 32
 34
 31
 31
 32
 32
 32
 27
 27
 28
 31
 26
 33
 31
 32
 39
 42
 36
 36
 35
 38
 39
 42
 41
 38
 35
 37
 38
 36
 38
 44
 45
 40
 38
 40
 39
 38
 36
 46
 45
 35
 36
 31
 31
 34
 44
 43
 39
 33
 35
 34
 32
 34
 39
 36
 33
 33
 33
 35
 31
 31
 45
 40
 38
 38
 29
 34
 35
 36
 35
 37
 28
 31
 27
 26
 35
 30
 30
 31
 35
 36
 37
 35
 37
 34
 28
 37
 38
 37
 34
 29
 29
 33
 33
 32
 32
 27
 33
 33
 32
 31
 33
 30
 30
 32
 32
 27
 21
 21
 23
 27
 26
 24
 26
 22
 25
 27
 25
 34
 34
 30
 32
 32
 30
 30
 41
 34
 35
 29
 29
 29
 28
 32
 31
 32
 32
 31
 33
 34
 33
 34
 36
 37
 36
 37
 25
 26
 29
 34
 36
 35
 34
 29
 33
 31
 34
 40
 41
 33
 32
 32
 35
 34
 32
 40
 40
 38
 38
 38
 39
 35
 33
 45
 41
 33
 35
 27
 32
 32
 38
 38
 38
 29
 34
 37
 35
 41
 35
 36
 32
 35
 36
 38
 34
 41
 42
 32
 33
 33
 30
 30
 27
 38
 34
 27
 30
 31
 38
 40
 41
 34
 36
 32
 33
 35
 33
 31
 36
 32
 29
 34
 34
 34
 29
 33
 44
 44
 33
 32
 35
 33
 33
 31
 38
 37
 26
 27
 29
 28
 30
 32
 40
 42
 34
 34
 34
 38
 38
 39
 48
 42
 36
 35
 41
 39
 38
 36
 44
 48
 33
 34
 37
 35
 30
 32
 38
 34
 28
 26
 28
 27
 29
 29
 42
 39
 35
 33
 33
 36
 35
 37
 43
 43
 30
 30
 29
 32
 37
 37
 40
 41
 30
 33
 32
 33
 34
 33
 38
 34
 31
 33
 32
 30
 35
 35
 45
 41
 34
 33
 34
 36
 33
 32
 27
 30
 26
 24
 34
 32
 33
 34
 34
 38
 34
 40
 34
 35
 31
 32
 32
 33
 42
 40
 36
 30
 31
 31
 30
 33
 36
 33
 27
 27
 29
 28
 30
 30
 30
 34
 31
 30
 31
 32
 30
 33
 31
 40
 40
 30
 32
 37
 35
 33
 43
 43
 42
 33
 33
 31
 32
 30
 37
 39
 26
 29
 28
 29
 29
 30
 37
 38
 29
 29
 32
 30
 33
 33
 41
 40
 29
 29
 32
 33
 31
 31
 38
 36
 33
 32
 33
 35
 31
 30
 41
 43
 33
 33
 32
 29
 30
 29
 42
 44
 30
 32
 32
 32
 33
 34
 45
 44
 31
 31
 31
 32
 36
 34
 41
 43
 34
 33
 35
 37
 37
 38
 35
 37
 30
 31
 33
 31
 32
 32
 40
 41
 28
 28
 29
 29
 28
 35
 57
 53
 50
 47
 48
 50
 1683
 1683
 1685
 1654
 1655
 1657
 1662
 1659
 1665
 1667
 33
 33
 27
 27
 32
 41
 35
 37
 32
 34
 36
 36
 45
 46
 38
 33
 33
 32
 33
 35
 42
 36
 30
 31
 35
 37
 32
 32
 40
 36
 27
 27
 31
 36
 33
 32
 29
 32
 25
 25
 25
 35
 33
 28
 30
 32
 33
 32
 33
 43
 42
 34
 34
 26
 30
 30
 30
 29
 33
 20
 31
 27
 28
 32
 31
 32
 34
 34
 41
 43
 36
 35
 37
 35
 31
 32
 42
 43
 33
 33
 28
 27
 29
 44
 44
 44
 35
 34
 37
 35
 34
 51
 51
 35
 36
 35
 38
 37
 32
 48
 51
 32
 35
 36
 35
 35
 32
 41
 44
 36
 34
 37
 35
 34
 35
 37
 37
 32
 39
 30
 29
 28
 32
 33
 39
 35
 50
 48
 38
 38
 41
 43
 40
 43
 50
 53
 39
 37
 41
 42
 36
 39
 48
 48
 34
 34
 32
 34
 30
 32
 35
 28
 24
 22
 23
 24
 35
 34
 34
 35
 30
 32
 33
 35
 44
 42
 31
 29
 31
 31
 34
 41
 42
 40
 33
 31
 31
 34
 40
 49
 49
 38
 39
 34
 36
 37
 38
 52
 47
 38
 36
 39
 38
 39
 50
 51
 52
 42
 41
 39
 37
 40
 50
 52
 37
 38
 38
 36
 38
 39
 44
 40
 33
 30
 33
 69
 69
 59
 59
 59
 58
 58
 59
 73
 72
 34
 37
 35
 35
 36
 41
 39
 41
 28
 31
 33
 33
 32
 34
 34
 25
 23
 26
 26
 27
 32
 31
 31
 27
 25
 30
 35
 33
 41
 41
 31
 34
 36
 33
 33
 34
 36
 37
 33
 34
 33
 34
 31
 37
 46
 47
 36
 37
 36
 35
 35
 42
 42
 40
 29
 31
 29
 29
 29
 39
 40
 30
 31
 32
 30
 35
 34
 34
 34
 23
 25
 25
 35
 36
 36
 32
 36
 39
 41
 42
 48
 50
 39
 38
 38
 37
 33
 41
 42
 36
 32
 36
 39
 39
 37
 44
 46
 34
 34
 36
 37
 36
 31
 40
 42
 38
 38
 40
 36
 31
 33
 39
 42
 34
 35
 32
 28
 30
 39
 38
 33
 28
 28
 27
 28
 28
 36
 33
 26
 26
 24
 27
 37
 38
 39
 35
 31
 31
 32
 31
 39
 35
 26
 27
 24
 24
 33
 34
 34
 36
 28
 28
 31
 30
 41
 44
 35
 34
 35
 35
 35
 37
 45
 46
 34
 35
 33
 33
 34
 32
 33
 32
 20
 21
 25
 25
 31
 30
 30
 32
 27
 28
 34
 37
 41
 41
 30
 32
 32
 32
 34
 41
 37
 31
 26
 27
 27
 30
 27
 26
 32
 27
 23
 26
 26
 27
 27
 24
 26
 28
 23
 24
 33
 32
 29
 36
 37
 34
 35
 41
 43
 40
 32
 28
 28
 27
 24
 38
 40
 30
 30
 32
 30
 32
 37
 44
 45
 31
 33
 37
 37
 42
 41
 54
 46
 39
 39
 40
 39
 36
 36
 31
 34
 27
 27
 28
 25
 33
 35
 38
 37
 29
 26
 29
 33
 41
 42
 34
 32
 29
 32
 31
 33
 37
 33
 27
 31
 30
 31
 39
 38
 34
 35
 31
 33
 32
 30
 38
 39
 32
 33
 35
 35
 37
 32
 35
 32
 26
 26
 26
 36
 36
 37
 35
 36
 36
 31
 39
 42
 44
 31
 33
 36
 36
 34
 35
 35
 29
 22
 24
 25
 22
 20
 21
 25
 26
 27
 30
 34
 33
 32
 33
 43
 42
 31
 31
 33
 34
 31
 28
 37
 35
 28
 26
 29
 30
 28
 29
 38
 40
 33
 36
 34
 36
 36
 34
 44
 38
 31
 32
 28
 32
 32
 31
 40
 39
 31
 30
 32
 31
 32
 28
 37
 37
 29
 27
 30
 31
 28
 25
 33
 35
 27
 27
 29
 30
 28
 28
 37
 38
 33
 36
 36
 37
 33
 35
 32
 33
 23
 23
 23
 29
 27
 25
 31
 29
 30
 31
 38
 40
 36
 29
 28
 32
 26
 25
 29
 30
 22
 19
 34
 34
 36
 38
 40
 40
 37
 35
 38
 39
 24
 24
 26
 32
 34
 32
 33
 38
 38
 36
 41
 39
 43
 31
 33
 40
 41
 37
 36
 36
 34
 39
 31
 41
 38
 31
 30
 35
 37
 37
 39
 41
 42
 35
 34
 36
 42
 35
 31
 40
 38
 33
 34
 32
 36
 37
 30
 38
 42
 31
 33
 36
 35
 38
 37
 37
 34
 29
 28
 28
 29
 21
 23
 29
 25
 24
 26
 29
 28
 30
 28
 30
 32
 23
 23
 26
 30
 25
 26
 28
 28
 25
 28
 37
 37
 34
 30
 30
 31
 27
 32
 39
 39
 28
 30
 31
 29
 34
 32
 43
 38
 30
 30
 33
 32
 35
 44
 39
 40
 31
 31
 35
 35
 33
 33
 32
 22
 21
 28
 27
 30
 27
 26
 27
 29
 30
 28
 38
 30
 31
 28
 28
 28
 31
 29
 39
 40
 32
 32
 34
 33
 30
 30
 40
 39
 29
 29
 30
 34
 32
 31
 42
 45
 31
 33
 36
 37
 37
 34
 32
 38
 29
 29
 30
 28
 31
 30
 30
 29
 38
 33
 32
 32
 33
 35
 30
 31
 39
 41
 32
 31
 31
 32
 31
 28
 37
 38
 28
 30
 28
 26
 29
 28
 34
 36
 26
 27
 28
 26
 29
 34
 32
 34
 33
 34
 34
 33
 33
 31
 31
 23
 32
 32
 23
 26
 30
 31
 31
 31
 39
 41
 31
 34
 34
 33
 31
 30
 40
 41
 30
 30
 30
 32
 29
 31
 46
 44
 37
 35
 32
 33
 32
 35
 41
 41
 28
 32
 30
 31
 33
 39
 41
 41
 37
 34
 36
 33
 33
 40
 37
 37
 34
 33
 36
 35
 37
 35
 35
 38
 38
 27
 29
 34
 30
 33
 27
 37
 40
 32
 34
 36
 34
 28
 30
 39
 41
 32
 30
 34
 34
 32
 29
 36
 37
 27
 30
 31
 38
 36
 34
 34
 38
 34
 31
 30
 38
 36
 31
 34
 33
 34
 32
 33
 42
 44
 32
 32
 36
 34
 31
 32
 41
 38
 32
 32
 33
 34
 29
 27
 39
 42
 31
 30
 29
 34
 36
 33
 46
 47
 34
 34
 33
 36
 38
 34
 37
 39
 27
 48
 50
 51
 56
 67
 63
 64
 60
 40
 40
 41
 50
 48
 41
 35
 35
 31
 33
 31
 39
 33
 28
 27
 21
 23
 39
 41
 41
 40
 33
 40
 39
 42
 41
 41
 33
 34
 33
 34
 35
 35
 35
 29
 28
 41
 36
 35
 35
 34
 35
 31
 30
 40
 42
 32
 28
 30
 29
 32
 36
 33
 35
 24
 25
 24
 35
 34
 37
 33
 34
 35
 33
 34
 45
 40
 32
 32
 30
 38
 35
 36
 37
 38
 23
 25
 26
 26
 29
 23
 35
 35
 32
 37
 38
 38
 38
 37
 49
 50
 36
 37
 36
 34
 34
 34
 42
 44
 30
 30
 36
 35
 36
 40
 41
 36
 30
 30
 33
 39
 33
 35
 30
 22
 25
 24
 29
 29
 37
 30
 35
 32
 33
 35
 34
 36
 42
 44
 34
 36
 30
 31
 31
 31
 35
 35
 26
 26
 39
 36
 35
 36
 37
 34
 32
 41
 40
 40
 28
 28
 32
 32
 31
 42
 44
 32
 33
 33
 34
 33
 40
 38
 38
 31
 33
 33
 30
 34
 32
 34
 28
 28
 31
 35
 32
 32
 35
 35
 39
 38
 29
 33
 36
 32
 31
 33
 32
 35
 30
 33
 33
 31
 28
 31
 32
 31
 33
 27
 30
 32
 37
 39
 41
 33
 34
 36
 39
 42
 49
 46
 45
 40
 39
 37
 35
 43
 38
 38
 33
 33
 28
 29
 34
 48
 50
 39
 37
 40
 39
 41
 43
 52
 50
 41
 39
 40
 38
 34
 36
 48
 46
 35
 39
 32
 35
 40
 42
 40
 41
 32
 29
 32
 30
 30
 40
 34
 34
 37
 36
 36
 41
 37
 48
 49
 36
 37
 41
 39
 40
 37
 38
 40
 28
 38
 39
 38
 34
 38
 38
 39
 45
 44
 39
 35
 36
 32
 34
 32
 35
 36
 26
 24
 25
 32
 31
 31
 34
 33
 34
 37
 34
 31
 32
 28
 26
 37
 37
 35
 33
 32
 29
 31
 43
 43
 48
 36
 38
 43
 41
 41
 44
 47
 38
 38
 35
 35
 36
 30
 37
 34
 34
 30
 28
 34
 29
 31
 30
 32
 28
 37
 37
 35
 37
 33
 29
 33
 32
 33
 35
 24
 26
 31
 28
 31
 31
 24
 29
 37
 43
 42
 42
 39
 43
 39
 39
 52
 38
 39
 33
 35
 37
 36
 40
 41
 40
 27
 27
 29
 33
 29
 28
 39
 28
 30
 34
 34
 37
 38
 33
 45
 46
 35
 33
 35
 34
 38
 35
 51
 52
 41
 41
 43
 41
 41
 40
 39
 39
 22
 21
 30
 30
 26
 36
 37
 38
 35
 37
 38
 39
 32
 545
 547
 536
 536
 538
 537
 540
 540
 549
 550
 36
 33
 32
 32
 32
 41
 36
 36
 25
 26
 23
 34
 38
 36
 38
 30
 31
 35
 31
 29
 42
 29
 32
 32
 34
 36
 41
 37
 41
 38
 25
 26
 23
 23
 37
 35
 33
 34
 32
 31
 33
 37
 47
 48
 34
 33
 34
 33
 32
 34
 32
 28
 23
 26
 26
 35
 34
 31
 33
 36
 35
 38
 32
 40
 38
 30
 33
 33
 32
 41
 44
 39
 45
 40
 39
 39
 38
 46
 49
 34
 36
 33
 28
 29
 29
 39
 39
 30
 32
 34
 33
 34
 37
 42
 44
 34
 36
 35
 32
 33
 32
 41
 40
 30
 31
 32
 32
 35
 35
 37
 38
 31
 34
 34
 36
 33
 38
 39
 40
 32
 33
 33
 26
 35
 36
 36
 26
 27
 25
 29
 26
 37
 39
 30
 30
 35
 35
 38
 38
 42
 44
 34
 32
 35
 37
 33
 37
 45
 42
 35
 36
 42
 42
 42
 42
 51
 47
 35
 34
 37
 34
 29
 39
 40
 45
 33
 34
 36
 34
 34
 45
 38
 33
 34
 29
 29
 31
 39
 41
 38
 26
 28
 32
 35
 34
 37
 36
 28
 26
 29
 30
 28
 36
 29
 29
 30
 31
 32
 30
 33
 31
 32
 21
 24
 25
 32
 34
 35
 37
 35
 33
 34
 40
 35
 38
 32
 32
 32
 29
 29
 32
 30
 22
 22
 20
 21
 30
 29
 29
 30
 33
 32
 30
 38
 41
 36
 31
 33
 33
 35
 30
 42
 44
 33
 34
 36
 36
 37
 38
 44
 45
 34
 35
 38
 38
 37
 35
 37
 38
 26
 25
 27
 42
 38
 37
 39
 38
 38
 36
 35
 42
 44
 33
 35
 37
 38
 36
 34
 38
 40
 29
 29
 30
 28
 28
 29
 31
 33
 25
 22
 25
 24
 24
 25
 37
 32
 34
 30
 31
 31
 35
 43
 43
 41
 31
 31
 27
 26
 30
 43
 42
 32
 33
 35
 32
 35
 35
 46
 45
 32
 33
 33
 34
 33
 42
 38
 34
 28
 28
 30
 31
 27
 36
 38
 29
 27
 30
 29
 29
 27
 39
 42
 30
 33
 37
 37
 38
 48
 41
 43
 32
 34
 34
 35
 28
 28
 42
 32
 32
 30
 34
 40
 41
 42
 52
 53
 41
 40
 42
 40
 39
 40
 39
 40
 29
 30
 26
 28
 26
 29
 32
 24
 22
 30
 27
 27
 29
 31
 32
 31
 27
 27
 27
 21
 27
 27
 26
 25
 24
 27
 28
 30
 32
 29
 23
 23
 24
 34
 33
 28
 28
 29
 26
 32
 35
 35
 39
 30
 26
 35
 38
 43
 42
 38
 36
 34
 31
 39
 39
 31
 33
 25
 24
 25
 25
 26
 30
 29
 30
 29
 29
 33
 35
 32
 35
 43
 41
 31
 29
 29
 31
 27
 27
 38
 33
 28
 28
 29
 31
 34
 31
 39
 41
 30
 30
 36
 29
 29
 31
 31
 34
 27
 32
 32
 31
 27
 24
 23
 24
 25
 29
 27
 26
 28
 29
 29
 24
 30
 30
 30
 39
 40
 34
 36
 36
 35
 39
 36
 43
 44
 38
 36
 38
 37
 38
 38
 43
 39
 33
 36
 36
 34
 35
 41
 41
 37
 33
 30
 35
 32
 27
 28
 30
 21
 23
 24
 24
 35
 33
 33
 32
 33
 31
 32
 35
 38
 36
 26
 25
 24
 27
 34
 33
 33
 29
 29
 31
 31
 33
 39
 39
 28
 28
 34
 37
 32
 34
 35
 39
 36
 35
 35
 34
 32
 36
 38
 27
 29
 28
 24
 24
 33
 35
 34
 26
 30
 30
 32
 29
 29
 30
 30
 37
 59
 66
 63
 63
 62
 71
 70
 69
 70
 38
 39
 31
 29
 29
 30
 36
 38
 40
 39
 39
 39
 42
 37
 47
 51
 34
 34
 34
 34
 35
 34
 45
 43
 32
 32
 34
 36
 36
 36
 49
 50
 37
 37
 38
 38
 36
 36
 38
 40
 24
 26
 29
 30
 27
 35
 36
 38
 32
 33
 33
 33
 36
 44
 46
 33
 34
 35
 35
 32
 36
 49
 41
 33
 31
 31
 33
 31
 32
 42
 43
 30
 34
 34
 32
 32
 45
 44
 39
 34
 33
 36
 34
 29
 40
 42
 29
 31
 29
 28
 28
 29
 36
 38
 29
 26
 31
 29
 30
 43
 43
 45
 38
 39
 39
 39
 41
 51
 50
 33
 35
 37
 33
 31
 32
 44
 42
 31
 33
 33
 32
 27
 29
 38
 38
 27
 26
 26
 29
 30
 28
 29
 31
 27
 39
 37
 38
 39
 43
 40
 36
 49
 51
 47
 42
 39
 40
 42
 34
 36
 36
 24
 27
 23
 22
 21
 24
 23
 27
 25
 30
 29
 25
 29
 25
 28
 28
 27
 26
 27
 23
 34
 38
 32
 34
 33
 32
 34
 32
 36
 31
 24
 21
 24
 26
 29
 29
 30
 33
 29
 29
 29
 30
 39
 34
 31
 29
 30
 31
 32
 31
 39
 41
 32
 33
 32
 32
 32
 32
 42
 44
 32
 33
 36
 34
 37
 38
 47
 46
 34
 33
 35
 35
 36
 38
 49
 44
 38
 40
 43
 42
 41
 42
 45
 46
 32
 34
 37
 33
 30
 32
 43
 42
 32
 31
 36
 35
 34
 33
 43
 39
 32
 36
 37
 34
 30
 31
 43
 43
 33
 39
 36
 36
 37
 39
 46
 50
 38
 40
 39
 35
 35
 36
 42
 44
 32
 30
 33
 31
 33
 29
 42
 46
 33
 32
 32
 34
 35
 34
 44
 45
 35
 33
 36
 37
 38
 38
 42
 43
 33
 32
 33
 34
 32
 43
 36
 39
 35
 37
 39
 38
 39
 48
 44
 35
 39
 40
 37
 38
 37
 36
 38
 30
 27
 28
 30
 40
 39
 38
 36
 32
 33
 32
 33
 43
 35
 30
 30
 31
 32
 31
 27
 34
 33
 23
 25
 25
 28
 28
 23
 27
 29
 34
 36
 33
 34
 37
 36
 33
 36
 45
 41
 35
 34
 37
 36
 35
 35
 40
 39
 27
 27
 26
 29
 36
 37
 35
 36
 29
 38
 42
 42
 43
 37
 30
 29
 32
 31
 32
 38
 32
 33
 35
 34
 34
 36
 35
 43
 44
 31
 29
 33
 31
 34
 35
 44
 42
 33
 35
 35
 37
 44
 46
 43
 43
 34
 34
 32
 31
 35
 29
 27
 24
 24
 28
 35
 37
 37
 37
 36
 35
 34
 33
 35
 30
 25
 23
 35
 38
 34
 34
 36
 36
 36
 43
 45
 45
 34
 29
 29
 31
 39
 41
 40
 33
 28
 29
 35
 36
 37
 30
 25
 24
 36
 36
 32
 33
 31
 31
 32
 48
 46
 42
 34
 37
 40
 42
 40
 48
 49
 38
 38
 38
 39
 39
 37
 45
 47
 37
 39
 30
 33
 37
 36
 46
 45
 35
 36
 35
 37
 40
 36
 48
 49
 34
 33
 34
 33
 44
 55
 52
 53
 41
 39
 40
 39
 40
 48
 38
 29
 30
 30
 30
 30
 30
 40
 38
 30
 32
 34
 34
 34
 36
 44
 46
 37
 37
 37
 38
 39
 37
 46
 44
 31
 31
 33
 32
 43
 41
 37
 40
 33
 34
 36
 37
 43
 43
 31
 33
 34
 31
 31
 42
 41
 43
 32
 33
 34
 33
 32
 45
 47
 33
 37
 36
 40
 39
 40
 50
 52
 37
 37
 36
 35
 42
 40
 38
 33
 32
 32
 32
 34
 35
 35
 26
 22
 23
 34
 33
 28
 33
 33
 35
 33
 35
 44
 45
 33
 33
 34
 35
 35
 33
 44
 39
 34
 32
 34
 37
 35
 30
 39
 43
 29
 32
 32
 32
 30
 29
 41
 36
 30
 31
 33
 30
 32
 34
 40
 42
 29
 49
 49
 44
 44
 44
 49
 49
 44
 44
 43
 28
 28
 26
 28
 39
 35
 41
 41
 36
 42
 40
 40
 41
 41
 30
 28
 25
 21
 24
 29
 26
 28
 26
 28
 27
 30
 27
 37
 39
 31
 32
 33
 33
 34
 33
 45
 47
 36
 35
 35
 42
 38
 47
 47
 45
 33
 30
 31
 33
 35
 34
 36
 30
 30
 29
 36
 36
 39
 47
 44
 33
 34
 36
 36
 37
 39
 37
 37
 32
 32
 37
 35
 35
 45
 42
 33
 35
 38
 39
 38
 37
 35
 35
 25
 25
 27
 26
 25
 27
 37
 29
 30
 31
 31
 32
 31
 35
 40
 40
 32
 32
 36
 35
 35
 37
 46
 42
 35
 33
 35
 41
 40
 39
 47
 49
 36
 37
 35
 36
 34
 28
 23
 23
 20
 18
 19
 19
 22
 31
 30
 34
 33
 34
 33
 41
 40
 45
 41
 34
 30
 31
 34
 36
 36
 32
 33
 22
 24
 29
 42
 42
 33
 37
 37
 39
 40
 45
 43
 41
 28
 29
 27
 22
 37
 38
 37
 33
 34
 33
 35
 37
 49
 46
 39
 37
 38
 37
 35
 37
 43
 42
 28
 29
 22
 23
 27
 28
 30
 39
 32
 32
 32
 37
 38
 36
 32
 35
 32
 25
 26
 24
 28
 34
 35
 30
 32
 34
 33
 35
 35
 40
 36
 26
 27
 29
 30
 26
 30
 40
 39
 32
 34
 35
 33
 35
 35
 44
 43
 39
 36
 37
 40
 37
 191
 193
 192
 182
 185
 177
 178
 179
 37
 38
 32
 28
 30
 33
 29
 31
 41
 42
 33
 35
 39
 38
 37
 38
 46
 46
 33
 32
 33
 31
 29
 33
 38
 36
 35
 33
 36
 42
 43
 46
 45
 42
 37
 36
 32
 40
 39
 31
 31
 28
 29
 29
 29
 39
 37
 33
 34
 34
 33
 33
 42
 42
 43
 34
 35
 31
 32
 31
 40
 40
 28
 28
 30
 28
 32
 30
 33
 35
 25
 34
 34
 38
 29
 31
 29
 31
 30
 40
 41
 36
 40
 33
 35
 38
 37
 47
 47
 38
 37
 38
 37
 36
 37
 31
 31
 28
 27
 24
 24
 28
 23
 25
 27
 25
 26
 29
 29
 32
 35
 27
 28
 24
 30
 31
 32
 27
 30
 29
 28
 28
 44
 51
 45
 43
 77
 80
 77
 76
 58
 59
 60
 74
 71
 71
 40
 37
 44
 45
 40
 49
 52
 35
 34
 38
 38
 38
 39
 47
 49
 38
 40
 42
 41
 35
 36
 47
 41
 32
 34
 35
 33
 32
 35
 38
 38
 28
 29
 30
 29
 26
 37
 33
 37
 36
 37
 43
 39
 40
 48
 48
 38
 41
 38
 35
 36
 35
 37
 36
 25
 26
 28
 32
 35
 37
 40
 35
 32
 31
 32
 42
 35
 36
 31
 32
 38
 41
 36
 35
 36
 32
 32
 33
 42
 40
 29
 29
 31
 33
 33
 30
 34
 28
 26
 22
 26
 30
 26
 28
 26
 28
 37
 39
 36
 38
 37
 33
 35
 38
 39
 38
 26
 41
 41
 39
 39
 42
 40
 39
 45
 42
 44
 31
 31
 31
 32
 30
 40
 38
 30
 34
 32
 29
 48
 48
 49
 46
 39
 38
 39
 38
 51
 52
 32
 34
 40
 36
 35
 39
 46
 46
 32
 31
 32
 33
 24
 24
 37
 34
 28
 27
 26
 27
 36
 34
 36
 37
 34
 37
 36
 34
 38
 38
 33
 32
 44
 46
 34
 35
 39
 41
 37
 39
 49
 50
 36
 38
 35
 35
 33
 32
 42
 42
 29
 29
 32
 27
 29
 36
 39
 40
 30
 31
 28
 32
 31
 37
 44
 40
 35
 36
 38
 40
 38
 38
 47
 41
 34
 35
 31
 32
 33
 48
 51
 49
 41
 39
 40
 39
 39
 47
 49
 33
 34
 30
 31
 32
 33
 46
 45
 33
 36
 41
 39
 36
 38
 49
 52
 37
 40
 41
 41
 36
 36
 51
 53
 39
 42
 44
 43
 42
 41
 50
 48
 36
 39
 39
 39
 37
 42
 44
 46
 45
 45
 46
 43
 44
 43
 48
 39
 32
 39
 34
 34
 34
 35
 32
 38
 37
 34
 36
 30
 30
 31
 42
 35
 35
 33
 32
 32
 28
 34
 34
 31
 20
 20
 24
 21
 23
 24
 37
 29
 28
 28
 29
 31
 34
 36
 41
 42
 29
 33
 34
 34
 41
 37
 36
 43
 39
 38
 39
 32
 33
 36
 27
 35
 39
 31
 40
 41
 42
 42
 40
 38
 38
 33
 42
 43
 31
 32
 35
 33
 38
 39
 49
 41
 36
 36
 34
 36
 36
 35
 35
 30
 30
 31
 30
 32
 30
 42
 42
 42
 38
 42
 38
 37
 37
 44
 45
 33
 34
 34
 34
 31
 27
 40
 43
 33
 36
 39
 35
 36
 42
 51
 51
 38
 39
 38
 37
 32
 34
 58
 53
 46
 46
 46
 46
 46
 44
 53
 55
 31
 32
 33
 34
 32
 26
 42
 44
 38
 35
 34
 38
 35
 35
 47
 46
 32
 34
 32
 33
 36
 34
 40
 36
 30
 33
 43
 39
 38
 39
 36
 37
 37
 35
 46
 42
 31
 37
 37
 41
 44
 43
 43
 43
 33
 33
 36
 34
 36
 41
 33
 36
 33
 38
 39
 47
 45
 35
 38
 34
 35
 34
 41
 43
 39
 27
 26
 28
 29
 30
 27
 37
 29
 30
 28
 32
 33
 33
 40
 40
 37
 30
 31
 31
 42
 41
 43
 43
 31
 30
 31
 36
 45
 48
 35
 42
 35
 37
 42
 43
 54
 49
 41
 40
 38
 35
 35
 34
 43
 43
 31
 35
 36
 38
 32
 34
 40
 39
 28
 32
 37
 36
 40
 38
 38
 41
 34
 35
 38
 35
 27
 28
 23
 22
 21
 31
 33
 34
 28
 29
 28
 27
 32
 33
 35
 25
 32
 30
 31
 34
 33
 35
 28
 29
 37
 32
 25
 26
 30
 37
 39
 39
 39
 42
 34
 36
 34
 36
 36
 25
 26
 33
 35
 28
 30
 29
 38
 35
 35
 36
 34
 26
 35
 37
 37
 44
 34
 36
 42
 39
 48
 50
 39
 42
 41
 33
 34
 34
 40
 36
 31
 38
 41
 38
 35
 34
 36
 37
 28
 37
 40
 30
 32
 30
 29
 38
 33
 33
 35
 34
 31
 32
 40
 42
 42
 34
 34
 37
 37
 32
 33
 36
 27
 25
 27
 32
 30
 28
 28
 26
 26
 25
 34
 36
 37
 30
 32
 31
 33
 36
 46
 47
 33
 33
 29
 30
 30
 39
 41
 35
 30
 32
 30
 35
 34
 38
 34
 28
 37
 39
 37
 35
 39
 32
 38
 37
 46
 47
 39
 38
 39
 43
 42
 46
 40
 36
 30
 30
 25
 24
 27
 25
 33
 27
 28
 29
 29
 31
 44
 43
 35
 36
 29
 31
 30
 33
 44
 44
 29
 30
 32
 31
 32
 29
 35
 35
 25
 26
 27
 27
 32
 30
 32
 30
 35
 35
 32
 34
 40
 40
 40
 39
 41
 40
 31
 31
 36
 45
 36
 36
 31
 36
 34
 37
 44
 48
 45
 34
 36
 37
 41
 37
 38
 44
 39
 33
 35
 41
 34
 36
 41
 43
 39
 35
 36
 40
 36
 34
 36
 31
 27
 25
 29
 30
 35
 30
 31
 28
 28
 28
 28
 30
 31
 33
 30
 32
 29
 33
 37
 38
 39
 36
 36
 34
 29
 30
 36
 41
 35
 35
 36
 39
 40
 37
 40
 36
 27
 22
 22
 26
 27
 32
 34
 36
 34
 33
 35
 38
 40
 30
 32
 27
 29
 26
 28
 30
 29
 31
 29
 28
 29
 31
 38
 40
 29
 30
 29
 31
 32
 35
 32
 31
 24
 22
 25
 26
 38
 37
 36
 30
 33
 33
 37
 40
 50
 45
 33
 33
 35
 37
 35
 36
 44
 43
 39
 39
 39
 34
 35
 35
 35
 34
 26
 24
 18
 21
 31
 33
 28
 30
 28
 29
 30
 35
 42
 42
 32
 34
 33
 27
 31
 35
 34
 28
 25
 28
 27
 24
 36
 37
 39
 39
 36
 40
 40
 42
 43
 39
 33
 33
 27
 26
 28
 42
 39
 33
 35
 38
 33
 32
 32
 42
 44
 26
 29
 30
 34
 32
 42
 42
 42
 33
 33
 36
 35
 40
 46
 44
 37
 35
 38
 38
 43
 39
 45
 43
 35
 35
 36
 37
 40
 48
 38
 39
 40
 40
 43
 40
 37
 43
 45
 33
 32
 35
 30
 32
 31
 40
 42
 30
 33
 38
 36
 34
 34
 42
 44
 39
 37
 40
 40
 35
 34
 47
 50
 40
 40
 35
 36
 37
 37
 47
 47
 33
 36
 38
 37
 34
 32
 35
 30
 19
 25
 28
 51
 52
 54
 55
 57
 52
 1517
 1520
 1515
 1489
 1491
 1492
 1481
 1484
 1497
 1499
 34
 34
 35
 36
 40
 44
 46
 43
 33
 33
 33
 36
 40
 42
 38
 29
 29
 28
 30
 31
 43
 39
 35
 34
 36
 37
 35
 36
 36
 35
 23
 24
 22
 26
 34
 32
 30
 30
 29
 31
 33
 37
 45
 43
 34
 34
 35
 36
 34
 35
 43
 36
 29
 30
 27
 29
 31
 26
 42
 44
 32
 34
 34
 32
 39
 41
 47
 46
 32
 34
 33
 31
 32
 42
 40
 35
 27
 29
 30
 28
 37
 31
 31
 29
 25
 30
 32
 34
 29
 29
 27
 25
 26
 27
 37
 29
 29
 32
 30
 30
 36
 31
 28
 28
 24
 23
 35
 36
 34
 36
 32
 31
 32
 36
 44
 45
 32
 33
 32
 32
 28
 31
 40
 35
 27
 27
 31
 30
 32
 30
 40
 37
 31
 29
 30
 30
 33
 33
 36
 38
 31
 34
 33
 35
 39
 42
 46
 48
 36
 38
 39
 38
 35
 28
 34
 33
 27
 29
 30
 28
 24
 24
 39
 41
 34
 31
 33
 33
 29
 32
 42
 44
 30
 33
 30
 31
 30
 28
 34
 31
 23
 23
 24
 28
 31
 37
 37
 37
 30
 33
 32
 43
 44
 39
 37
 28
 31
 36
 37
 45
 45
 34
 34
 33
 34
 41
 38
 32
 32
 27
 27
 36
 37
 34
 32
 22
 23
 20
 25
 29
 31
 24
 25
 24
 25
 23
 24
 28
 28
 36
 38
 35
 34
 39
 39
 40
 43
 51
 47
 36
 37
 35
 36
 40
 40
 38
 35
 23
 25
 22
 37
 38
 42
 31
 34
 34
 38
 35
 47
 50
 34
 34
 30
 31
 31
 33
 36
 38
 33
 38
 40
 40
 40
 38
 45
 47
 35
 37
 44
 35
 38
 41
 41
 43
 35
 29
 40
 40
 31
 31
 30
 27
 28
 34
 36
 35
 24
 26
 33
 34
 35
 39
 40
 32
 35
 35
 34
 34
 25
 32
 35
 27
 28
 27
 26
 26
 28
 28
 34
 31
 28
 29
 31
 28
 29
 30
 27
 28
 21
 20
 20
 23
 19
 21
 30
 31
 27
 25
 31
 28
 30
 28
 30
 31
 26
 25
 28
 26
 35
 38
 36
 35
 40
 39
 36
 35
 42
 44
 29
 30
 31
 33
 29
 28
 35
 38
 29
 27
 33
 35
 33
 30
 36
 39
 28
 30
 32
 32
 30
 40
 38
 38
 36
 38
 37
 38
 34
 45
 46
 33
 32
 32
 34
 32
 32
 42
 44
 33
 33
 33
 33
 33
 32
 45
 46
 32
 32
 34
 32
 33
 31
 37
 39
 26
 25
 29
 38
 40
 39
 41
 43
 41
 40
 42
 48
 46
 34
 36
 35
 32
 33
 27
 37
 39
 30
 32
 32
 32
 32
 33
 34
 34
 27
 27
 29
 37
 38
 38
 38
 37
 31
 35
 36
 40
 42
 33
 33
 34
 38
 36
 37
 41
 39
 32
 33
 32
 33
 34
 30
 39
 41
 31
 31
 31
 31
 31
 32
 39
 38
 29
 28
 29
 29
 31
 30
 38
 40
 31
 28
 30
 30
 28
 31
 37
 38
 26
 26
 27
 29
 31
 27
 43
 39
 33
 37
 40
 39
 39
 38
 43
 44
 30
 29
 29
 26
 23
 23
 24
 27
 20
 30
 32
 28
 29
 30
 29
 32
 41
 35
 35
 27
 26
 29
 29
 39
 41
 39
 30
 29
 31
 31
 32
 29
 30
 38
 37
 37
 36
 36
 36
 41
 46
 44
 45
 28
 31
 33
 29
 29
 29
 31
 27
 25
 26
 28
 28
 29
 32
 44
 43
 34
 37
 37
 38
 40
 39
 46
 42
 34
 36
 38
 38
 39
 39
 39
 37
 31
 32
 31
 29
 35
 34
 29
 33
 28
 30
 28
 35
 36
 35
 27
 30
 31
 28
 28
 40
 40
 29
 27
 29
 30
 36
 36
 38
 38
 26
 22
 25
 27
 37
 38
 28
 32
 30
 34
 36
 45
 43
 46
 36
 35
 35
 34
 35
 35
 36
 32
 32
 29
 31
 30
 31
 31
 35
 24
 24
 25
 25
 21
 29
 28
 29
 37
 36
 38
 38
 39
 40
 38
 28
 27
 27
 35
 36
 38
 39
 37
 33
 40
 41
 46
 47
 32
 32
 27
 40
 39
 41
 38
 37
 36
 41
 42
 45
 46
 32
 34
 32
 32
 35
 31
 24
 25
 25
 24
 35
 34
 34
 37
 33
 36
 36
 46
 44
 43
 35
 40
 41
 40
 50
 58
 58
 48
 48
 48
 49
 33
 33
 37
 31
 23
 25
 23
 38
 36
 33
 34
 34
 30
 32
 34
 40
 41
 28
 28
 28
 28
 31
 30
 43
 39
 34
 35
 37
 35
 36
 42
 39
 40
 29
 29
 26
 28
 24
 24
 28
 25
 22
 32
 32
 31
 32
 31
 32
 32
 29
 36
 37
 32
 30
 32
 30
 31
 29
 30
 33
 26
 27
 25
 33
 33
 30
 31
 35
 36
 37
 34
 36
 30
 27
 28
 29
 28
 25
 33
 29
 30
 28
 28
 29
 29
 29
 30
 30
 22
 25
 25
 25
 25
 38
 34
 34
 32
 32
 34
 34
 34
 41
 42
 34
 35
 36
 35
 36
 41
 31
 32
 27
 29
 22
 23
 25
 34
 37
 27
 30
 29
 32
 34
 36
 41
 40
 29
 32
 34
 34
 37
 36
 41
 37
 30
 35
 40
 40
 37
 42
 36
 37
 33
 33
 36
 32
 27
 28
 31
 27
 29
 28
 28
 29
 25
 25
 26
 21
 22
 20
 25
 27
 27
 26
 29
 27
 31
 31
 39
 36
 27
 29
 30
 30
 29
 42
 40
 44
 35
 37
 40
 39
 38
 45
 46
 34
 37
 34
 33
 35
 39
 36
 36
 33
 34
 34
 31
 27
 41
 42
 32
 31
 32
 35
 37
 40
 39
 36
 30
 34
 36
 40
 39
 37
 33
 27
 26
 30
 38
 36
 38
 31
 32
 33
 32
 31
 35
 34
 25
 24
 23
 32
 33
 31
 31
 32
 30
 29
 27
 32
 26
 20
 20
 21
 29
 32
 32
 32
 34
 29
 31
 28
 39
 40
 31
 28
 28
 28
 28
 33
 40
 41
 34
 33
 34
 37
 39
 46
 46
 39
 34
 34
 40
 39
 40
 44
 46
 37
 37
 38
 38
 37
 31
 41
 36
 32
 30
 44
 44
 50
 56
 56
 54
 45
 1437
 1439
 1417
 1417
 1418
 1420
 1416
 1415
 1423
 1427
 33
 34
 39
 36
 47
 43
 39
 41
 37
 38
 38
 37
 39
 40
 33
 33
 35
 37
 35
 35
 45
 44
 34
 36
 35
 35
 31
 33
 30
 33
 24
 27
 24
 25
 23
 25
 27
 23
 25
 24
 24
 25
 26
 26
 29
 29
 28
 32
 31
 39
 38
 30
 29
 31
 28
 31
 29
 35
 37
 28
 28
 26
 27
 30
 30
 40
 43
 32
 38
 39
 39
 40
 40
 47
 47
 36
 37
 36
 28
 33
 33
 35
 33
 23
 23
 24
 23
 25
 31
 29
 26
 29
 30
 31
 31
 33
 39
 41
 31
 29
 31
 29
 30
 27
 27
 25
 22
 18
 18
 19
 22
 26
 22
 21
 31
 33
 33
 35
 36
 37
 37
 34
 42
 43
 33
 34
 37
 39
 34
 36
 43
 45
 39
 38
 39
 36
 35
 29
 38
 41
 29
 31
 25
 29
 29
 30
 38
 39
 32
 31
 31
 31
 31
 25
 35
 38
 30
 30
 30
 30
 32
 32
 41
 42
 29
 31
 25
 27
 30
 30
 37
 38
 30
 31
 35
 32
 33
 33
 37
 40
 28
 28
 30
 27
 25
 25
 36
 39
 31
 28
 29
 29
 31
 34
 40
 34
 28
 26
 28
 28
 28
 34
 33
 28
 24
 26
 26
 26
 37
 39
 38
 31
 33
 33
 34
 31
 37
 41
 34
 32
 36
 37
 38
 39
 41
 41
 36
 34
 30
 31
 31
 29
 23
 23
 31
 33
 33
 32
 30
 31
 30
 30
 45
 43
 34
 35
 37
 38
 38
 38
 48
 46
 31
 31
 35
 36
 36
 35
 47
 47
 37
 37
 40
 41
 40
 36
 44
 46
 35
 33
 35
 38
 37
 35
 42
 44
 36
 35
 34
 35
 35
 39
 32
 34
 27
 30
 30
 28
 41
 42
 44
 37
 39
 36
 34
 35
 44
 46
 32
 33
 32
 33
 32
 41
 43
 43
 32
 34
 38
 36
 33
 42
 44
 33
 31
 34
 33
 33
 40
 42
 39
 35
 34
 40
 38
 34
 47
 46
 35
 33
 34
 30
 32
 30
 42
 44
 32
 36
 38
 36
 37
 38
 50
 48
 38
 34
 36
 35
 36
 37
 40
 40
 28
 29
 27
 30
 29
 31
 36
 30
 29
 30
 30
 32
 33
 35
 39
 34
 28
 28
 28
 28
 27
 34
 35
 34
 33
 33
 30
 31
 31
 34
 36
 27
 28
 31
 31
 36
 41
 38
 40
 33
 34
 34
 39
 39
 42
 34
 31
 28
 30
 31
 29
 32
 27
 24
 30
 31
 31
 32
 31
 30
 31
 35
 40
 50
 42
 41
 42
 43
 43
 40
 43
 40
 23
 25
 32
 34
 31
 35
 34
 36
 34
 46
 43
 43
 34
 34
 34
 33
 36
 46
 45
 34
 35
 36
 32
 34
 33
 40
 37
 33
 33
 34
 37
 36
 45
 42
 42
 37
 36
 32
 32
 33
 33
 34
 25
 25
 34
 33
 33
 32
 30
 32
 32
 37
 34
 32
 25
 31
 31
 31
 31
 32
 33
 28
 28
 38
 39
 29
 28
 28
 29
 30
 31
 39
 41
 33
 33
 33
 29
 33
 34
 44
 44
 32
 34
 27
 30
 31
 32
 33
 34
 27
 28
 30
 31
 31
 35
 48
 48
 37
 36
 40
 42
 42
 38
 49
 44
 31
 31
 31
 33
 32
 28
 40
 44
 32
 36
 35
 36
 36
 33
 45
 47
 41
 37
 40
 37
 37
 39
 47
 49
 34
 35
 28
 30
 31
 32
 37
 30
 25
 23
 27
 27
 37
 39
 35
 41
 36
 38
 43
 43
 49
 51
 37
 36
 37
 31
 33
 33
 33
 37
 31
 29
 32
 29
 32
 34
 41
 39
 32
 28
 31
 31
 29
 34
 30
 30
 21
 24
 23
 28
 29
 27
 28
 35
 36
 36
 35
 36
 40
 34
 34
 43
 39
 32
 33
 33
 35
 32
 28
 39
 36
 29
 32
 32
 30
 31
 28
 40
 38
 29
 27
 29
 30
 30
 30
 31
 32
 20
 22
 20
 32
 30
 32
 29
 32
 34
 30
 33
 33
 45
 33
 33
 35
 29
 31
 33
 32
 45
 46
 35
 36
 34
 33
 32
 33
 40
 41
 25
 27
 33
 30
 31
 33
 41
 38
 31
 32
 34
 34
 29
 29
 33
 36
 27
 28
 32
 32
 38
 39
 36
 37
 34
 35
 35
 32
 40
 38
 32
 32
 33
 33
 31
 29
 42
 42
 32
 31
 34
 38
 35
 38
 45
 46
 35
 38
 40
 38
 38
 39
 48
 46
 38
 37
 40
 42
 43
 42
 40
 39
 31
 31
 32
 40
 40
 35
 32
 33
 36
 36
 39
 40
 37
 27
 27
 28
 24
 32
 31
 36
 34
 33
 31
 31
 30
 40
 41
 32
 34
 26
 27
 26
 29
 29
 38
 28
 28
 28
 25
 24
 34
 33
 36
 39
 37
 38
 37
 38
 33
 37
 31
 42
 34
 36
 32
 31
 35
 34
 35
 42
 41
 32
 37
 34
 34
 34
 39
 40
 39
 30
 30
 34
 29
 28
 30
 29
 22
 37
 38
 37
 41
 32
 33
 32
 33
 50
 50
 34
 37
 40
 40
 42
 40
 49
 49
 40
 38
 40
 37
 36
 36
 46
 45
 35
 34
 28
 31
 32
 32
 36
 32
 25
 23
 25
 25
 37
 34
 39
 42
 42
 42
 40
 41
 50
 51
 37
 37
 33
 30
 30
 31
 37
 38
 27
 31
 39
 37
 39
 41
 40
 39
 33
 32
 42
 38
 33
 31
 31
 29
 31
 31
 40
 42
 31
 32
 31
 33
 31
 38
 31
 31
 27
 24
 28
 29
 29
 26
 30
 22
 20
 28
 29
 33
 31
 31
 29
 39
 37
 34
 35
 34
 33
 31
 29
 33
 35
 27
 26
 30
 30
 30
 29
 32
 34
 30
 40
 41
 36
 33
 33
 34
 33
 32
 37
 39
 27
 27
 28
 31
 35
 36
 44
 39
 32
 32
 33
 36
 34
 33
 37
 34
 29
 31
 32
 33
 31
 30
 40
 40
 33
 33
 35
 31
 30
 32
 43
 44
 34
 33
 32
 35
 29
 34
 36
 35
 25
 25
 26
 27
 35
 31
 31
 31
 29
 30
 33
 32
 39
 38
 29
 29
 31
 31
 38
 36
 32
 33
 29
 27
 26
 50
 55
 54
 47
 46
 50
 1454
 1455
 1457
 1438
 1441
 1437
 1436
 1436
 34
 34
 34
 34
 32
 33
 23
 27
 27
 29
 21
 21
 22
 26
 32
 28
 30
 25
 24
 25
 28
 28
 31
 30
 26
 27
 24
 24
 24
 34
 28
 29
 29
 27
 26
 28
 32
 40
 41
 32
 32
 34
 36
 34
 36
 43
 37
 32
 32
 33
 34
 31
 27
 41
 36
 31
 32
 32
 32
 29
 35
 31
 33
 22
 26
 27
 24
 29
 36
 38
 33
 33
 33
 34
 34
 33
 36
 27
 23
 20
 24
 26
 37
 33
 32
 31
 34
 39
 38
 38
 43
 41
 27
 30
 31
 32
 34
 31
 31
 33
 30
 31
 33
 31
 28
 29
 27
 19
 21
 21
 22
 26
 22
 23
 29
 28
 30
 29
 31
 29
 30
 24
 191
 193
 188
 188
 186
 185
 190
 194
 202
 205
 40
 39
 38
 38
 39
 39
 40
 35
 28
 28
 33
 33
 33
 37
 35
 34
 35
 35
 45
 43
 29
 30
 34
 33
 33
 34
 42
 40
 30
 32
 32
 37
 31
 31
 31
 28
 21
 24
 25
 23
 27
 31
 33
 34
 31
 31
 36
 36
 32
 41
 35
 33
 34
 33
 33
 34
 31
 44
 44
 33
 34
 30
 31
 36
 35
 39
 40
 31
 31
 31
 28
 31
 39
 33
 33
 29
 33
 28
 28
 29
 42
 41
 30
 29
 30
 33
 33
 30
 39
 40
 29
 29
 32
 29
 32
 31
 38
 39
 29
 29
 27
 30
 30
 34
 45
 48
 38
 37
 43
 43
 44
 44
 53
 50
 36
 34
 35
 37
 31
 34
 42
 37
 33
 32
 32
 32
 31
 30
 45
 40
 33
 34
 31
 34
 36
 32
 40
 44
 31
 32
 36
 32
 33
 39
 38
 40
 27
 27
 27
 33
 35
 34
 34
 29
 37
 38
 39
 38
 40
 34
 30
 30
 32
 29
 22
 21
 22
 23
 31
 33
 29
 30
 30
 30
 28
 31
 43
 44
 32
 35
 35
 36
 36
 37
 46
 42
 32
 34
 35
 26
 27
 32
 33
 32
 25
 24
 26
 23
 34
 34
 32
 30
 31
 35
 30
 30
 38
 39
 26
 29
 28
 26
 26
 24
 27
 27
 21
 22
 21
 24
 24
 22
 25
 28
 35
 36
 38
 37
 38
 35
 33
 43
 43
 36
 29
 32
 25
 25
 37
 37
 39
 32
 31
 34
 32
 33
 41
 43
 33
 33
 33
 32
 33
 32
 44
 41
 32
 34
 32
 32
 32
 33
 40
 41
 28
 30
 30
 30
 29
 31
 39
 40
 35
 34
 35
 32
 34
 35
 47
 42
 33
 36
 29
 29
 30
 32
 41
 43
 36
 35
 36
 33
 35
 34
 44
 44
 32
 32
 27
 26
 28
 25
 25
 25
 19
 19
 29
 27
 32
 31
 33
 36
 36
 39
 36
 32
 26
 24
 26
 34
 35
 31
 33
 37
 36
 42
 43
 53
 48
 36
 37
 37
 39
 34
 34
 34
 36
 30
 30
 33
 36
 35
 31
 34
 35
 31
 29
 30
 30
 30
 37
 37
 38
 36
 39
 32
 33
 36
 36
 36
 24
 24
 24
 24
 30
 31
 29
 27
 27
 37
 37
 41
 41
 42
 29
 29
 32
 40
 40
 35
 34
 30
 28
 40
 41
 42
 39
 35
 33
 32
 31
 42
 44
 38
 38
 35
 35
 36
 38
 42
 45
 35
 34
 28
 28
 29
 43
 45
 38
 34
 32
 30
 32
 29
 42
 45
 32
 33
 33
 34
 38
 37
 47
 47
 35
 34
 34
 39
 38
 37
 42
 44
 36
 37
 37
 37
 37
 41
 38
 38
 30
 32
 30
 28
 30
 28
 33
 31
 29
 29
 31
 29
 36
 37
 36
 36
 35
 32
 37
 37
 42
 41
 29
 30
 29
 30
 34
 39
 33
 39
 34
 35
 35
 35
 36
 37
 38
 27
 27
 20
 24
 24
 23
 24
 24
 35
 31
 31
 33
 32
 33
 33
 39
 46
 47
 34
 35
 35
 32
 32
 38
 39
 38
 28
 25
 26
 29
 32
 32
 34
 26
 27
 30
 30
 30
 33
 42
 34
 35
 33
 35
 35
 30
 29
 33
 30
 23
 29
 36
 37
 40
 41
 40
 41
 39
 39
 51
 41
 34
 35
 36
 34
 38
 38
 40
 43
 37
 36
 36
 45
 42
 39
 33
 34
 34
 34
 26
 37
 39
 28
 31
 33
 31
 32
 35
 37
 38
 26
 28
 29
 29
 32
 31
 28
 22
 26
 27
 28
 32
 33
 33
 30
 33
 37
 35
 33
 31
 32
 28
 29
 26
 29
 36
 31
 29
 32
 33
 32
 29
 30
 40
 36
 29
 30
 31
 29
 26
 23
 26
 30
 20
 18
 32
 34
 37
 37
 37
 39
 37
 35
 38
 39
 26
 28
 39
 40
 39
 38
 36
 37
 33
 35
 44
 43
 30
 29
 30
 30
 30
 30
 33
 28
 22
 20
 33
 35
 36
 36
 40
 35
 37
 35
 38
 36
 38
 37
 31
 31
 36
 38
 31
 30
 30
 30
 22
 22
 24
 27
 23
 28
 30
 28
 29
 28
 31
 32
 31
 37
 35
 28
 29
 34
 34
 34
 32
 33
 33
 25
 23
 27
 37
 32
 35
 36
 37
 34
 33
 37
 46
 47
 32
 35
 31
 31
 30
 31
 36
 32
 24
 39
 41
 39
 41
 39
 42
 44
 37
 47
 50
 36
 40
 39
 41
 40
 42
 47
 47
 34
 37
 38
 35
 35
 33
 35
 31
 31
 31
 32
 36
 31
 29
 28
 29
 32
 36
 38
 38
 35
 30
 30
 32
 34
 34
 42
 36
 30
 31
 34
 33
 32
 32
 32
 32
 23
 24
 23
 35
 32
 32
 32
 32
 32
 33
 32
 43
 46
 33
 36
 34
 34
 33
 32
 36
 37
 27
 28
 31
 31
 32
 35
 43
 41
 31
 33
 35
 35
 34
 36
 43
 41
 33
 32
 33
 30
 31
 32
 31
 32
 30
 30
 28
 32
 40
 41
 43
 42
 39
 37
 36
 36
 35
 36
 28
 30
 35
 35
 32
 35
 29
 30
 34
 31
 42
 40
 33
 33
 33
 36
 35
 33
 33
 36
 26
 25
 31
 29
 31
 28
 25
 34
 33
 30
 30
 33
 28
 29
 34
 35
 37
 28
 26
 36
 38
 34
 34
 33
 30
 32
 34
 44
 43
 49
 47
 50
 53
 51
 65
 64
 64
 58
 38
 38
 41
 54
 49
 50
 40
 39
 37
 36
 47
 44
 44
 34
 33
 34
 33
 33
 37
 34
 25
 24
 29
 25
 37
 38
 43
 43
 38
 36
 38
 41
 42
 41
 31
 43
 36
 35
 34
 35
 38
 38
 35
 45
 46
 32
 33
 31
 37
 37
 36
 42
 45
 33
 35
 35
 36
 38
 31
 45
 45
 34
 35
 35
 37
 38
 37
 45
 46
 33
 30
 37
 36
 36
 44
 44
 43
 33
 32
 33
 37
 33
 47
 48
 34
 33
 37
 37
 41
 51
 48
 45
 34
 33
 37
 39
 37
 41
 38
 32
 32
 30
 41
 41
 38
 37
 37
 32
 34
 34
 34
 34
 24
 26
 37
 31
 32
 33
 34
 35
 43
 43
 39
 42
 37
 38
 39
 34
 44
 44
 34
 33
 35
 36
 32
 32
 39
 42
 31
 33
 33
 35
 37
 34
 37
 37
 28
 29
 28
 26
 42
 40
 36
 37
 36
 40
 39
 39
 51
 53
 36
 39
 41
 41
 41
 35
 38
 43
 30
 27
 30
 38
 35
 38
 35
 37
 38
 33
 32
 45
 41
 31
 38
 36
 36
 37
 35
 44
 45
 35
 34
 34
 31
 35
 36
 43
 45
 32
 35
 35
 33
 33
 30
 43
 42
 31
 32
 33
 30
 34
 34
 42
 40
 29
 30
 36
 36
 36
 36
 36
 39
 30
 40
 40
 38
 36
 34
 34
 33
 28
 27
 40
 27
 30
 30
 28
 30
 33
 35
 46
 48
 33
 35
 35
 38
 39
 37
 42
 36
 29
 31
 32
 29
 40
 38
 35
 36
 31
 34
 38
 35
 45
 46
 35
 37
 38
 37
 33
 39
 45
 40
 31
 34
 38
 37
 37
 42
 52
 46
 36
 37
 39
 35
 35
 35
 47
 41
 33
 33
 33
 33
 33
 34
 45
 45
 32
 32
 32
 33
 34
 34
 34
 37
 27
 26
 29
 35
 37
 35
 36
 37
 34
 32
 31
 47
 44
 36
 37
 39
 38
 36
 39
 50
 46
 32
 31
 32
 32
 32
 30
 42
 39
 31
 32
 31
 29
 35
 45
 42
 46
 37
 34
 37
 37
 35
 39
 33
 24
 24
 22
 33
 34
 31
 34
 35
 34
 31
 34
 44
 45
 32
 35
 40
 35
 38
 38
 43
 42
 28
 30
 30
 38
 37
 37
 38
 39
 39
 37
 44
 43
 38
 31
 32
 31
 30
 27
 22
 28
 24
 29
 30
 29
 28
 32
 31
 31
 34
 30
 40
 38
 37
 38
 38
 35
 37
 36
 46
 47
 33
 32
 32
 33
 30
 32
 38
 37
 27
 25
 27
 38
 41
 38
 40
 39
 36
 36
 38
 43
 37
 32
 31
 30
 29
 31
 36
 37
 29
 29
 30
 31
 31
 34
 45
 40
 34
 38
 39
 39
 41
 48
 45
 39
 34
 35
 37
 33
 31
 43
 38
 32
 33
 35
 30
 31
 33
 42
 43
 33
 31
 33
 37
 37
 36
 39
 35
 27
 33
 44
 44
 42
 39
 40
 40
 35
 47
 48
 38
 31
 34
 37
 34
 36
 47
 43
 41
 39
 41
 44
 44
 41
 43
 37
 29
 29
 27
 25
 28
 41
 38
 39
 39
 38
 43
 44
 40
 48
 49
 33
 32
 32
 33
 35
 27
 39
 40
 32
 34
 35
 34
 34
 44
 46
 47
 38
 38
 39
 44
 39
 50
 52
 42
 39
 35
 35
 36
 36
 41
 42
 32
 32
 33
 31
 30
 31
 45
 45
 34
 36
 34
 35
 34
 38
 47
 49
 31
 32
 34
 34
 36
 36
 44
 44
 34
 32
 31
 32
 35
 34
 41
 43
 33
 31
 35
 32
 34
 35
 36
 37
 26
 22
 23
 38
 36
 36
 35
 35
 36
 31
 30
 43
 45
 31
 31
 37
 37
 38
 39
 51
 48
 39
 41
 40
 40
 35
 36
 46
 49
 35
 38
 43
 41
 40
 40
 47
 46
 37
 35
 35
 44
 36
 35
 35
 35
 36
 40
 39
 39
 41
 34
 31
 37
 36
 38
 36
 30
 28
 29
 27
 38
 38
 31
 32
 32
 31
 36
 36
 39
 42
 40
 40
 39
 42
 41
 40
 31
 34
 28
 27
 22
 27
 39
 39
 38
 37
 37
 38
 39
 41
 49
 44
 31
 33
 34
 28
 31
 30
 42
 44
 34
 39
 40
 38
 39
 38
 47
 47
 34
 32
 34
 28
 40
 40
 41
 42
 34
 33
 33
 36
 34
 28
 23
 23
 26
 35
 33
 32
 34
 36
 37
 37
 33
 39
 41
 35
 32
 36
 33
 32
 41
 43
 39
 35
 37
 35
 35
 34
 40
 37
 26
 26
 36
 35
 34
 31
 36
 38
 40
 40
 48
 50
 37
 38
 36
 35
 37
 42
 33
 33
 30
 30
 35
 32
 34
 37
 34
 28
 28
 33
 31
 33
 29
 31
 31
 27
 28
 37
 34
 31
 32
 32
 31
 31
 30
 36
 38
 31
 29
 31
 33
 34
 33
 41
 43
 35
 33
 33
 30
 33
 33
 42
 41
 30
 31
 29
 31
 33
 32
 33
 25
 22
 21
 37
 34
 32
 31
 32
 34
 30
 33
 40
 41
 26
 29
 29
 25
 27
 30
 36
 34
 26
 27
 28
 25
 25
 26
 29
 26
 20
 27
 29
 28
 28
 26
 30
 31
 30
 40
 39
 34
 33
 33
 34
 36
 32
 34
 29
 25
 23
 20
 26
 31
 30
 30
 30
 26
 31
 32
 32
 39
 30
 35
 36
 37
 36
 46
 44
 38
 39
 36
 37
 32
 34
 42
 43
 29
 32
 37
 36
 34
 38
 40
 39
 32
 34
 34
 33
 32
 34
 34
 25
 23
 25
 28
 29
 36
 36
 31
 33
 32
 32
 34
 35
 30
 27
 20
 22
 22
 19
 18
 25
 24
 26
 27
 27
 33
 31
 33
 32
 33
 28
 35
 26
 28
 29
 26
 28
 28
 31
 37
 38
 29
 31
 31
 34
 33
 43
 42
 40
 31
 31
 33
 30
 35
 30
 31
 24
 28
 32
 31
 31
 32
 30
 29
 28
 26
 35
 34
 29
 29
 29
 27
 28
 33
 35
 32
 26
 27
 27
 29
 27
 27
 28
 18
 21
 24
 25
 24
 30
 28
 31
 29
 32
 32
 41
 39
 33
 35
 37
 38
 33
 35
 42
 43
 32
 36
 35
 35
 29
 28
 35
 37
 27
 29
 32
 30
 50
 53
 54
 53
 46
 46
 64
 60
 61
 42
 42
 44
 40
 41
 54
 54
 35
 36
 35
 39
 40
 34
 44
 42
 36
 38
 36
 37
 35
 33
 44
 45
 35
 34
 34
 29
 28
 37
 40
 38
 32
 28
 28
 29
 30
 41
 38
 33
 32
 34
 33
 35
 32
 48
 48
 36
 37
 37
 39
 37
 37
 50
 52
 39
 44
 44
 45
 44
 46
 58
 59
 42
 45
 46
 38
 36
 36
 52
 49
 37
 34
 35
 36
 35
 36
 39
 40
 27
 28
 30
 32
 31
 32
 33
 34
 29
 29
 29
 30
 26
 24
 25
 25
 24
 24
 30
 31
 30
 33
 33
 31
 35
 37
 48
 45
 36
 37
 39
 43
 40
 42
 48
 44
 35
 38
 36
 35
 32
 41
 43
 36
 30
 32
 33
 32
 29
 45
 47
 38
 38
 38
 42
 38
 40
 44
 45
 32
 36
 34
 33
 45
 43
 49
 47
 41
 40
 43
 41
 47
 45
 41
 41
 35
 33
 39
 41
 41
 37
 30
 30
 32
 31
 32
 34
 26
 28
 30
 31
 40
 42
 31
 30
 34
 34
 36
 39
 38
 38
 27
 40
 38
 39
 39
 38
 37
 37
 35
 42
 40
 24
 27
 27
 43
 44
 46
 42
 47
 39
 41
 41
 58
 51
 37
 40
 37
 38
 32
 31
 44
 46
 31
 31
 35
 31
 34
 33
 48
 49
 42
 42
 42
 45
 43
 45
 52
 54
 42
 41
 35
 35
 34
 35
 38
 38
 26
 25
 23
 24
 24
 26
 38
 33
 31
 37
 37
 38
 35
 34
 38
 37
 29
 25
 27
 22
 37
 39
 38
 36
 35
 39
 37
 41
 45
 48
 34
 35
 35
 36
 37
 39
 40
 38
 30
 35
 35
 35
 40
 37
 34
 28
 30
 30
 42
 39
 37
 37
 31
 32
 33
 33
 43
 44
 34
 34
 36
 36
 36
 36
 37
 39
 26
 27
 26
 26
 32
 34
 35
 36
 34
 32
 35
 40
 38
 38
 31
 31
 25
 26
 34
 42
 41
 32
 31
 32
 33
 32
 35
 46
 37
 30
 35
 36
 34
 46
 46
 44
 43
 34
 34
 40
 35
 49
 50
 37
 37
 39
 41
 41
 42
 48
 50
 36
 36
 40
 39
 37
 35
 37
 34
 24
 24
 21
 23
 27
 29
 31
 27
 32
 33
 35
 34
 44
 45
 39
 40
 39
 37
 38
 39
 45
 48
 36
 38
 30
 34
 36
 44
 45
 39
 35
 31
 32
 34
 47
 45
 45
 38
 39
 39
 38
 37
 46
 46
 34
 36
 30
 39
 42
 46
 44
 43
 35
 34
 36
 38
 36
 29
 31
 24
 29
 32
 31
 46
 38
 37
 38
 43
 44
 42
 41
 50
 49
 34
 34
 33
 32
 39
 31
 31
 34
 30
 32
 32
 31
 32
 35
 25
 27
 28
 26
 37
 33
 34
 36
 39
 44
 43
 43
 49
 49
 38
 42
 40
 41
 35
 29
 34
 30
 21
 21
 24
 20
 38
 40
 44
 44
 38
 37
 40
 42
 52
 53
 40
 40
 35
 35
 37
 51
 48
 41
 35
 41
 36
 37
 48
 48
 38
 32
 33
 33
 34
 34
 63
 64
 52
 57
 61
 56
 59
 61
 71
 53
 40
 37
 40
 42
 38
 42
 46
 49
 37
 38
 37
 39
 40
 43
 43
 44
 37
 34
 35
 33
 32
 31
 41
 32
 40
 38
 35
 35
 38
 35
 46
 44
 36
 36
 28
 31
 30
 40
 47
 49
 38
 37
 37
 38
 38
 36
 47
 36
 29
 28
 31
 27
 35
 32
 42
 41
 31
 32
 35
 34
 33
 32
 39
 41
 34
 34
 37
 35
 34
 35
 47
 48
 36
 36
 36
 32
 31
 30
 32
 25
 21
 22
 22
 22
 20
 30
 33
 32
 31
 33
 33
 39
 37
 31
 34
 34
 37
 38
 41
 42
 42
 35
 36
 40
 39
 36
 40
 39
 31
 32
 31
 31
 31
 31
 30
 44
 35
 35
 40
 41
 43
 44
 44
 52
 49
 34
 35
 36
 35
 33
 32
 36
 33
 25
 27
 35
 36
 37
 35
 36
 37
 32
 42
 44
 40
 37
 40
 39
 39
 38
 42
 42
 31
 34
 33
 31
 29
 33
 28
 28
 24
 24
 36
 34
 33
 36
 36
 35
 33
 31
 41
 43
 30
 33
 34
 31
 30
 29
 38
 40
 31
 33
 34
 30
 32
 33
 50
 52
 38
 37
 37
 38
 36
 37
 44
 46
 29
 30
 30
 29
 35
 35
 48
 47
 35
 35
 36
 38
 38
 40
 49
 47
 36
 35
 39
 37
 39
 40
 50
 47
 33
 36
 35
 36
 32
 42
 42
 41
 31
 31
 32
 27
 32
 42
 38
 32
 32
 33
 34
 36
 34
 46
 38
 32
 32
 33
 36
 33
 33
 38
 40
 28
 29
 29
 32
 31
 27
 39
 41
 31
 31
 36
 34
 35
 35
 47
 46
 35
 34
 33
 36
 40
 41
 40
 37
 31
 32
 33
 37
 45
 44
 35
 34
 36
 34
 32
 31
 41
 34
 26
 27
 27
 31
 27
 29
 31
 28
 18
 19
 19
 16
 17
 22
 24
 26
 21
 33
 34
 38
 42
 40
 42
 38
 39
 42
 44
 33
 34
 32
 28
 26
 27
 41
 41
 32
 32
 36
 37
 36
 38
 47
 47
 33
 31
 33
 32
 31
 37
 39
 36
 31
 35
 37
 39
 39
 43
 40
 34
 35
 35
 35
 32
 29
 26
 27
 25
 32
 35
 33
 33
 34
 36
 36
 36
 44
 45
 31
 34
 34
 35
 34
 36
 41
 44
 32
 33
 36
 36
 28
 37
 40
 38
 30
 31
 32
 32
 31
 39
 40
 33
 33
 35
 34
 32
 36
 44
 41
 32
 34
 30
 32
 32
 30
 46
 39
 32
 31
 37
 34
 45
 43
 42
 44
 31
 31
 34
 43
 33
 33
 31
 30
 30
 30
 28
 31
 30
 21
 23
 32
 31
 31
 30
 31
 31
 33
 40
 40
 43
 34
 35
 36
 36
 34
 41
 38
 28
 28
 29
 39
 39
 36
 38
 40
 32
 27
 40
 44
 36
 29
 29
 32
 32
 29
 45
 47
 37
 36
 35
 37
 38
 36
 47
 47
 33
 35
 35
 40
 40
 40
 49
 50
 34
 36
 36
 36
 34
 27
 37
 40
 29
 30
 30
 33
 33
 32
 32
 33
 23
 27
 30
 26
 31
 51
 53
 49
 54
 55
 56
 54
 55
 56
 36
 35
 31
 33
 44
 42
 36
 32
 32
 34
 34
 41
 41
 39
 30
 31
 34
 31
 31
 42
 35
 29
 33
 38
 37
 40
 43
 44
 44
 36
 35
 34
 22
 23
 26
 27
 24
 29
 32
 27
 25
 25
 24
 36
 39
 39
 35
 36
 35
 39
 42
 41
 39
 29
 26
 29
 29
 29
 28
 28
 24
 25
 26
 23
 25
 29
 32
 28
 30
 25
 25
 28
 31
 32
 38
 36
 31
 34
 34
 36
 35
 32
 35
 35
 21
 25
 26
 33
 34
 36
 36
 38
 33
 32
 34
 44
 45
 35
 34
 34
 33
 34
 37
 49
 50
 35
 35
 36
 38
 37
 37
 41
 39
 32
 31
 33
 42
 44
 41
 39
 40
 38
 38
 31
 43
 39
 32
 33
 32
 33
 34
 32
 39
 41
 30
 31
 31
 35
 39
 45
 42
 42
 36
 34
 35
 37
 34
 46
 40
 33
 32
 32
 35
 33
 38
 45
 47
 35
 36
 40
 37
 38
 35
 47
 44
 31
 32
 35
 32
 29
 39
 40
 40
 28
 31
 32
 33
 43
 44
 40
 37
 36
 37
 38
 42
 41
 40
 23
 26
 26
 26
 26
 40
 41
 33
 35
 37
 38
 38
 39
 37
 38
 24
 24
 23
 35
 34
 32
 33
 34
 39
 38
 37
 54
 54
 46
 44
 42
 43
 46
 42
 52
 52
 34
 37
 32
 30
 32
 32
 37
 39
 29
 28
 33
 34
 29
 31
 42
 42
 34
 30
 33
 35
 31
 29
 43
 43
 33
 33
 33
 33
 37
 31
 36
 38
 26
 28
 26
 40
 48
 49
 44
 44
 41
 39
 39
 39
 48
 36
 29
 25
 29
 31
 29
 29
 46
 47
 35
 36
 39
 37
 38
 37
 46
 48
 33
 34
 38
 35
 34
 39
 44
 46
 34
 34
 40
 37
 35
 38
 47
 41
 34
 36
 38
 37
 33
 33
 43
 38
 32
 36
 36
 36
 33
 35
 42
 44
 33
 35
 36
 29
 31
 29
 37
 39
 30
 30
 32
 45
 43
 44
 43
 43
 43
 47
 44
 46
 48
 34
 35
 36
 33
 33
 41
 36
 36
 33
 36
 35
 33
 35
 44
 44
 32
 32
 33
 33
 32
 41
 42
 42
 33
 35
 34
 46
 47
 40
 40
 35
 33
 32
 32
 46
 46
 35
 34
 35
 36
 32
 35
 47
 49
 35
 39
 38
 40
 39
 38
 49
 47
 43
 41
 42
 36
 38
 37
 45
 44
 34
 33
 37
 38
 36
 37
 37
 38
 29
 30
 41
 37
 31
 31
 32
 32
 33
 32
 38
 38
 27
 27
 27
 25
 24
 27
 29
 37
 33
 32
 32
 36
 36
 36
 32
 43
 42
 31
 30
 34
 33
 27
 38
 40
 43
 34
 34
 35
 37
 37
 43
 44
 29
 32
 30
 33
 42
 39
 39
 39
 36
 32
 36
 34
 46
 41
 35
 35
 35
 33
 32
 38
 36
 38
 29
 29
 27
 31
 31
 34
 33
 26
 27
 32
 29
 29
 35
 31
 36
 33
 36
 45
 48
 49
 46
 47
 40
 41
 39
 39
 39
 29
 32
 27
 27
 27
 31
 39
 30
 30
 32
 34
 33
 32
 38
 39
 33
 26
 33
 31
 32
 31
 32
 41
 32
 33
 33
 35
 29
 30
 28
 30
 30
 24
 32
 30
 31
 32
 32
 33
 34
 40
 42
 40
 33
 31
 32
 31
 30
 33
 33
 25
 23
 26
 23
 32
 33
 33
 37
 29
 31
 32
 35
 37
 39
 34
 32
 32
 31
 39
 37
 35
 32
 30
 29
 26
 32
 33
 31
 24
 23
 23
 23
 41
 41
 39
 35
 38
 40
 42
 37
 41
 41
 28
 28
 29
 27
 42
 32
 32
 34
 35
 34
 41
 40
 53
 52
 38
 40
 42
 39
 39
 40
 44
 46
 33
 36
 34
 34
 31
 34
 41
 44
 32
 32
 35
 33
 34
 31
 32
 33
 22
 21
 30
 30
 30
 27
 27
 29
 32
 29
 33
 29
 21
 22
 26
 37
 38
 39
 38
 39
 40
 37
 38
 45
 46
 33
 35
 29
 30
 34
 35
 35
 37
 36
 34
 37
 32
 33
 38
 34
 27
 26
 20
 31
 32
 35
 37
 37
 32
 26
 30
 31
 37
 29
 28
 27
 32
 30
 30
 30
 29
 32
 29
 29
 30
 29
 23
 26
 23
 25
 31
 42
 43
 38
 38
 40
 40
 43
 44
 54
 49
 38
 38
 41
 39
 35
 44
 41
 36
 31
 32
 33
 33
 32
 40
 42
 31
 33
 37
 36
 34
 36
 45
 45
 33
 35
 38
 39
 34
 36
 38
 32
 26
 28
 27
 41
 38
 45
 43
 43
 38
 35
 36
 48
 49
 34
 35
 29
 27
 40
 41
 45
 46
 35
 33
 36
 37
 46
 47
 36
 38
 33
 35
 32
 34
 44
 46
 37
 35
 36
 36
 33
 32
 31
 32
 25
 26
 23
 34
 35
 31
 31
 35
 33
 42
 42
 43
 36
 32
 33
 33
 31
 38
 39
 29
 30
 31
 27
 31
 29
 31
 34
 22
 24
 23
 32
 32
 34
 40
 40
 40
 41
 41
 41
 40
 33
 42
 38
 32
 33
 33
 30
 33
 42
 44
 37
 32
 32
 32
 31
 28
 37
 38
 29
 28
 31
 31
 31
 34
 41
 40
 35
 32
 35
 35
 35
 42
 42
 36
 31
 32
 26
 27
 27
 36
 37
 26
 27
 26
 29
 29
 35
 36
 36
 28
 32
 33
 29
 28
 38
 38
 30
 33
 33
 33
 29
 29
 31
 33
 22
 23
 36
 32
 32
 34
 33
 35
 35
 35
 43
 46
 32
 33
 36
 37
 37
 36
 44
 44
 33
 32
 30
 32
 33
 30
 39
 41
 31
 30
 34
 31
 33
 32
 36
 36
 31
 30
 33
 40
 38
 33
 37
 36
 31
 29
 30
 40
 36
 30
 34
 34
 30
 27
 29
 31
 26
 21
 22
 22
 30
 32
 35
 35
 35
 35
 33
 35
 41
 42
 37
 37
 31
 31
 36
 37
 38
 37
 28
 29
 21
 29
 30
 30
 31
 29
 27
 25
 27
 28
 27
 21
 25
 25
 33
 34
 31
 33
 33
 38
 36
 37
 40
 41
 29
 30
 32
 30
 31
 26
 38
 37
 29
 30
 33
 33
 33
 37
 43
 46
 33
 32
 33
 32
 33
 34
 43
 64
 58
 54
 57
 57
 57
 67
 71
 66
 38
 37
 31
 31
 32
 34
 49
 41
 34
 34
 34
 33
 34
 33
 44
 46
 33
 33
 33
 36
 33
 35
 43
 39
 31
 34
 32
 33
 36
 33
 35
 32
 27
 26
 27
 28
 24
 24
 22
 23
 28
 25
 24
 28
 28
 25
 38
 39
 41
 41
 36
 36
 40
 36
 50
 50
 37
 36
 35
 38
 40
 38
 45
 47
 34
 37
 38
 34
 36
 36
 40
 42
 35
 39
 44
 42
 41
 40
 50
 51
 36
 38
 38
 35
 27
 26
 40
 43
 31
 31
 32
 31
 31
 32
 44
 46
 32
 28
 29
 32
 32
 33
 41
 42
 32
 32
 33
 36
 37
 38
 37
 35
 23
 27
 26
 30
 29
 35
 30
 29
 29
 32
 31
 31
 43
 38
 41
 36
 35
 33
 34
 37
 44
 43
 32
 35
 31
 27
 28
 29
 46
 42
 40
 40
 40
 42
 43
 40
 51
 52
 36
 39
 35
 33
 32
 32
 43
 43
 31
 32
 35
 31
 32
 43
 43
 44
 32
 31
 35
 33
 46
 49
 48
 38
 36
 38
 33
 35
 46
 47
 33
 32
 32
 32
 37
 40
 48
 48
 38
 36
 36
 37
 38
 37
 36
 31
 27
 24
 33
 35
 35
 36
 35
 34
 29
 41
 39
 39
 32
 31
 33
 32
 33
 44
 42
 31
 35
 36
 33
 34
 31
 37
 37
 26
 29
 29
 27
 32
 34
 34
 37
 33
 29
 40
 38
 37
 36
 29
 28
 29
 40
 37
 38
 32
 34
 35
 33
 35
 36
 36
 23
 26
 28
 27
 22
 24
 27
 32
 34
 34
 34
 35
 33
 36
 35
 37
 35
 25
 23
 40
 43
 40
 41
 36
 39
 39
 39
 48
 49
 32
 34
 34
 35
 36
 32
 44
 45
 33
 37
 38
 37
 37
 37
 44
 46
 35
 34
 34
 31
 33
 43
 36
 38
 33
 32
 34
 31
 32
 33
 33
 27
 27
 29
 26
 26
 25
 22
 25
 26
 23
 27
 36
 34
 34
 38
 39
 40
 37
 42
 52
 48
 37
 36
 39
 37
 36
 35
 39
 34
 26
 28
 34
 34
 32
 33
 31
 31
 31
 26
 34
 35
 26
 29
 27
 29
 39
 40
 40
 44
 36
 35
 46
 46
 44
 45
 29
 33
 44
 43
 37
 38
 32
 31
 35
 36
 44
 43
 32
 30
 33
 35
 36
 36
 32
 29
 21
 23
 25
 25
 27
 28
 23
 25
 27
 29
 40
 39
 37
 37
 33
 33
 33
 37
 43
 45
 34
 37
 35
 40
 37
 42
 44
 40
 31
 30
 30
 29
 39
 37
 38
 37
 34
 38
 35
 34
 43
 43
 31
 32
 33
 30
 31
 29
 122
 118
 111
 113
 113
 116
 116
 112
 124
 124
 31
 31
 31
 36
 35
 32
 45
 46
 33
 41
 39
 39
 40
 44
 45
 44
 34
 32
 36
 31
 32
 42
 42
 33
 32
 35
 36
 37
 34
 43
 44
 35
 41
 39
 40
 43
 38
 47
 50
 40
 39
 33
 34
 32
 33
 45
 41
 35
 39
 37
 37
 39
 37
 50
 49
 34
 35
 37
 34
 33
 34
 42
 44
 31
 30
 31
 30
 32
 33
 40
 42
 32
 30
 33
 34
 34
 30
 37
 38
 29
 31
 31
 29
 31
 36
 39
 41
 33
 34
 35
 35
 32
 38
 37
 30
 31
 29
 29
 31
 41
 40
 40
 38
 38
 38
 38
 30
 42
 44
 32
 31
 33
 29
 31
 31
 41
 42
 32
 32
 35
 37
 45
 46
 37
 39
 32
 31
 38
 36
 45
 41
 34
 34
 33
 36
 34
 38
 39
 40
 28
 30
 31
 27
 28
 37
 38
 35
 29
 28
 30
 29
 30
 42
 40
 32
 33
 35
 34
 36
 36
 47
 44
 34
 34
 36
 37
 39
 47
 46
 50
 41
 43
 44
 45
 41
 52
 49
 38
 36
 40
 37
 35
 35
 32
 32
 24
 26
 26
 26
 33
 31
 33
 36
 35
 35
 35
 39
 40
 41
 32
 30
 31
 40
 37
 38
 35
 34
 28
 29
 26
 38
 36
 28
 30
 31
 36
 33
 34
 40
 43
 33
 34
 38
 37
 39
 32
 44
 45
 36
 36
 36
 38
 35
 36
 41
 43
 31
 33
 36
 35
 34
 34
 44
 39
 32
 30
 32
 33
 30
 35
 41
 43
 34
 34
 36
 36
 34
 36
 43
 40
 28
 31
 36
 30
 31
 32
 41
 40
 32
 34
 34
 34
 26
 26
 38
 39
 30
 31
 31
 29
 31
 25
 29
 31
 23
 24
 31
 28
 28
 28
 25
 31
 28
 32
 32
 34
 30
 28
 28
 31
 31
 38
 37
 34
 33
 35
 32
 32
 48
 49
 49
 37
 40
 40
 40
 34
 42
 43
 30
 28
 29
 33
 29
 30
 38
 39
 30
 31
 31
 31
 32
 31
 42
 42
 32
 34
 36
 34
 37
 41
 43
 44
 33
 33
 35
 34
 30
 39
 36
 28
 31
 29
 27
 27
 30
 40
 41
 30
 32
 35
 37
 37
 35
 44
 45
 39
 39
 41
 39
 36
 34
 43
 45
 34
 35
 31
 35
 32
 35
 45
 42
 39
 40
 44
 41
 43
 38
 44
 45
 37
 33
 28
 30
 28
 38
 36
 37
 33
 32
 32
 33
 37
 36
 35
 27
 26
 21
 33
 34
 32
 32
 33
 32
 33
 32
 44
 45
 40
 39
 41
 45
 38
 37
 49
 52
 37
 38
 32
 33
 36
 35
 35
 39
 26
 26
 26
 30
 30
 28
 35
 30
 31
 30
 30
 30
 30
 36
 37
 36
 28
 26
 27
 24
 29
 33
 31
 26
 26
 32
 32
 31
 30
 33
 28
 26
 31
 33
 32
 26
 28
 28
 36
 34
 34
 33
 27
 24
 26
 29
 27
 30
 24
 27
 35
 33
 32
 36
 35
 36
 38
 46
 45
 38
 30
 34
 34
 34
 38
 41
 37
 29
 32
 32
 32
 29
 42
 42
 36
 31
 30
 35
 32
 30
 39
 39
 30
 30
 34
 32
 35
 39
 38
 41
 31
 35
 35
 36
 31
 44
 46
 43
 47
 44
 46
 41
 44
 52
 53
 43
 43
 36
 30
 31
 30
 39
 39
 29
 31
 26
 28
 37
 37
 39
 39
 33
 35
 39
 38
 39
 35
 31
 30
 30
 28
 26
 25
 23
 21
 19
 29
 50
 53
 55
 58
 59
 58
 78
 79
 73
 45
 46
 36
 37
 39
 49
 49
 29
 31
 32
 33
 31
 31
 31
 28
 25
 28
 28
 32
 35
 35
 34
 36
 34
 43
 42
 40
 37
 33
 30
 28
 31
 43
 45
 34
 37
 35
 37
 35
 32
 34
 33
 21
 23
 22
 19
 29
 30
 29
 33
 30
 32
 32
 32
 42
 41
 32
 28
 32
 31
 31
 29
 43
 43
 34
 36
 36
 37
 34
 32
 47
 50
 35
 37
 39
 39
 39
 38
 50
 53
 37
 38
 38
 37
 36
 34
 46
 47
 36
 36
 38
 34
 36
 35
 44
 46
 30
 28
 31
 30
 28
 28
 41
 36
 30
 31
 36
 39
 35
 36
 46
 46
 41
 41
 41
 36
 29
 30
 44
 47
 36
 37
 33
 31
 32
 45
 45
 40
 31
 30
 33
 31
 29
 40
 43
 33
 33
 37
 37
 37
 36
 43
 38
 30
 26
 27
 32
 38
 39
 38
 38
 35
 39
 32
 36
 51
 44
 36
 39
 37
 40
 42
 39
 49
 50
 33
 33
 38
 41
 41
 39
 44
 45
 35
 34
 35
 37
 41
 32
 32
 35
 35
 33
 34
 37
 41
 39
 31
 28
 28
 27
 20
 33
 35
 34
 29
 32
 30
 32
 33
 43
 47
 33
 35
 36
 36
 33
 35
 42
 41
 37
 33
 33
 33
 34
 36
 45
 39
 36
 36
 32
 41
 43
 40
 44
 43
 35
 36
 37
 46
 39
 33
 34
 37
 32
 39
 35
 38
 39
 32
 35
 36
 37
 44
 47
 33
 33
 32
 35
 33
 31
 38
 37
 40
 41
 35
 39
 41
 40
 43
 45
 48
 52
 39
 38
 38
 42
 37
 39
 40
 40
 33
 32
 31
 30
 39
 38
 39
 33
 36
 35
 33
 34
 32
 43
 37
 31
 31
 31
 29
 33
 40
 39
 39
 29
 28
 26
 27
 29
 32
 28
 22
 25
 24
 36
 32
 35
 36
 36
 34
 30
 40
 38
 36
 29
 35
 34
 36
 31
 42
 43
 33
 33
 32
 33
 31
 38
 40
 39
 31
 33
 33
 31
 38
 38
 32
 25
 24
 26
 26
 27
 36
 35
 31
 31
 31
 31
 30
 29
 38
 33
 28
 30
 29
 34
 41
 42
 43
 46
 38
 38
 38
 37
 50
 47
 36
 38
 35
 34
 38
 38
 47
 49
 34
 33
 33
 34
 35
 46
 42
 43
 34
 31
 33
 33
 40
 48
 49
 37
 36
 37
 34
 37
 37
 50
 45
 38
 33
 36
 37
 37
 38
 45
 46
 29
 31
 33
 33
 34
 33
 48
 49
 43
 42
 42
 41
 42
 43
 49
 50
 34
 35
 29
 28
 29
 30
 38
 35
 30
 32
 32
 35
 31
 33
 43
 46
 32
 33
 35
 36
 37
 34
 44
 40
 33
 30
 36
 36
 36
 33
 43
 42
 30
 31
 29
 32
 27
 35
 41
 42
 34
 33
 35
 33
 34
 30
 41
 33
 26
 28
 27
 30
 32
 30
 40
 41
 34
 33
 35
 38
 36
 47
 39
 39
 32
 32
 36
 36
 39
 48
 49
 35
 37
 34
 37
 37
 35
 46
 45
 35
 35
 37
 37
 38
 34
 35
 42
 30
 30
 30
 27
 37
 35
 35
 40
 41
 33
 37
 39
 48
 50
 36
 38
 41
 31
 35
 46
 44
 37
 32
 33
 36
 33
 31
 41
 40
 31
 32
 36
 33
 34
 37
 40
 33
 30
 31
 31
 32
 30
 29
 32
 28
 26
 36
 38
 38
 39
 37
 33
 34
 34
 43
 44
 33
 34
 27
 31
 32
 33
 43
 43
 33
 31
 32
 34
 35
 68
 68
 74
 64
 62
 64
 66
 68
 65
 67
 30
 31
 25
 27
 30
 37
 35
 28
 28
 35
 34
 35
 43
 45
 41
 35
 32
 33
 32
 40
 41
 37
 32
 35
 34
 34
 35
 43
 44
 33
 31
 30
 30
 27
 27
 29
 31
 22
 23
 37
 39
 36
 37
 37
 40
 40
 36
 44
 45
 34
 33
 36
 37
 36
 31
 32
 32
 25
 30
 23
 36
 37
 38
 37
 34
 36
 41
 42
 47
 49
 36
 36
 39
 42
 41
 39
 40
 41
 32
 33
 34
 34
 32
 27
 40
 43
 34
 34
 36
 36
 37
 36
 43
 44
 30
 36
 35
 35
 31
 41
 40
 41
 34
 34
 35
 28
 29
 40
 39
 28
 30
 34
 34
 34
 31
 39
 42
 39
 37
 37
 37
 36
 40
 41
 44
 35
 35
 28
 31
 32
 42
 43
 31
 32
 34
 33
 36
 32
 40
 36
 29
 30
 31
 33
 30
 32
 39
 40
 33
 32
 32
 32
 32
 30
 39
 40
 28
 30
 27
 30
 29
 27
 37
 38
 29
 30
 30
 29
 33
 32
 35
 44
 36
 36
 37
 36
 35
 36
 37
 38
 32
 28
 27
 27
 23
 32
 35
 36
 34
 29
 32
 31
 31
 32
 33
 24
 23
 23
 31
 35
 31
 32
 32
 29
 31
 33
 34
 32
 26
 26
 27
 27
 29
 29
 25
 25
 26
 27
 28
 24
 37
 39
 37
 41
 41
 40
 39
 35
 42
 43
 28
 29
 28
 25
 35
 35
 35
 34
 28
 30
 34
 42
 44
 46
 36
 35
 35
 39
 36
 42
 38
 32
 31
 25
 27
 25
 30
 30
 33
 27
 35
 29
 29
 31
 31
 33
 28
 31
 44
 42
 34
 34
 37
 35
 34
 32
 43
 43
 32
 29
 32
 30
 28
 29
 39
 42
 29
 31
 29
 31
 31
 31
 42
 40
 32
 33
 32
 31
 32
 29
 37
 38
 31
 32
 33
 30
 34
 35
 34
 36
 26
 28
 22
 21
 21
 32
 31
 27
 24
 26
 24
 26
 29
 46
 47
 37
 37
 34
 34
 37
 44
 41
 41
 26
 21
 22
 26
 29
 28
 34
 30
 30
 32
 33
 34
 31
 33
 39
 41
 30
 29
 29
 29
 34
 36
 35
 33
 31
 30
 29
 29
 31
 28
 21
 21
 22
 20
 21
 26
 27
 28
 25
 28
 28
 31
 34
 35
 36
 31
 30
 33
 32
 28
 28
 28
 26
 28
 35
 29
 30
 28
 34
 34
 33
 44
 43
 43
 33
 30
 34
 35
 32
 43
 45
 32
 31
 36
 35
 36
 32
 41
 43
 36
 35
 37
 37
 31
 37
 46
 44
 37
 36
 31
 35
 36
 45
 43
 36
 32
 55
 53
 55
 59
 70
 69
 59
 60
 63
 41
 43
 36
 46
 46
 25
 29
 33
 38
 36
 36
 45
 47
 36
 37
 38
 36
 36
 31
 41
 42
 29
 34
 32
 34
 32
 34
 41
 42
 33
 33
 34
 32
 35
 33
 42
 41
 31
 31
 35
 35
 36
 36
 44
 47
 36
 35
 37
 39
 35
 31
 41
 37
 31
 32
 32
 33
 33
 30
 42
 40
 32
 33
 32
 33
 35
 30
 36
 39
 27
 27
 29
 26
 32
 34
 34
 35
 28
 30
 29
 31
 33
 42
 35
 34
 35
 36
 38
 33
 34
 42
 37
 27
 27
 28
 26
 36
 33
 35
 36
 28
 31
 32
 36
 42
 46
 33
 36
 32
 31
 30
 32
 42
 37
 30
 29
 34
 31
 32
 32
 45
 43
 31
 34
 36
 37
 35
 45
 44
 44
 34
 34
 36
 34
 33
 35
 39
 32
 40
 41
 41
 43
 42
 44
 43
 40
 46
 40
 33
 34
 31
 32
 31
 30
 44
 44
 34
 36
 37
 37
 38
 33
 44
 47
 33
 32
 34
 33
 30
 31
 45
 46
 35
 35
 46
 47
 45
 47
 44
 47
 32
 32
 44
 47
 36
 42
 42
 43
 44
 42
 44
 43
 32
 28
 22
 24
 26
 22
 22
 33
 31
 30
 32
 33
 31
 28
 31
 38
 38
 28
 26
 29
 41
 42
 39
 43
 37
 34
 40
 41
 48
 48
 33
 34
 37
 31
 32
 32
 38
 35
 29
 29
 33
 33
 30
 34
 35
 37
 24
 26
 27
 28
 31
 34
 30
 22
 22
 26
 29
 25
 24
 35
 24
 25
 27
 27
 36
 33
 33
 35
 35
 25
 25
 28
 33
 31
 25
 23
 26
 24
 36
 36
 36
 37
 34
 35
 34
 43
 39
 40
 26
 27
 29
 24
 39
 39
 40
 30
 31
 33
 38
 41
 39
 40
 27
 29
 28
 21
 31
 33
 31
 28
 34
 36
 33
 25
 37
 40
 36
 35
 36
 36
 38
 37
 48
 51
 40
 40
 41
 41
 42
 41
 44
 46
 37
 35
 36
 39
 39
 41
 38
 40
 30
 31
 29
 31
 30
 27
 38
 34
 35
 35
 28
 31
 32
 32
 39
 40
 31
 31
 34
 32
 34
 38
 42
 41
 33
 31
 41
 43
 40
 40
 40
 38
 34
 33
 41
 42
 33
 34
 36
 37
 37
 37
 48
 45
 36
 37
 39
 39
 36
 37
 45
 43
 32
 32
 33
 34
 28
 34
 34
 36
 27
 25
 27
 38
 40
 36
 37
 35
 35
 31
 34
 31
 32
 30
 38
 39
 37
 36
 38
 39
 38
 36
 47
 39
 30
 32
 32
 34
 35
 39
 36
 38
 26
 28
 29
 30
 29
 29
 36
 30
 31
 30
 32
 34
 33
 31
 40
 37
 29
 33
 37
 38
 38
 32
 42
 38
 30
 30
 34
 25
 27
 32
 43
 45
 38
 36
 38
 38
 33
 37
 36
 35
 21
 31
 33
 31
 35
 35
 37
 39
 39
 47
 48
 34
 34
 37
 32
 40
 41
 36
 32
 33
 31
 33
 31
 29
 39
 30
 30
 35
 33
 26
 25
 20
 32
 35
 28
 28
 31
 29
 32
 33
 33
 35
 27
 25
 24
 33
 33
 31
 33
 35
 32
 31
 35
 43
 43
 34
 37
 37
 32
 35
 31
 40
 42
 32
 30
 35
 33
 35
 32
 37
 39
 29
 29
 34
 34
 30
 43
 38
 39
 35
 34
 36
 36
 34
 40
 42
 37
 37
 41
 35
 38
 35
 35
 37
 28
 30
 30
 31
 31
 33
 31
 33
 33
 30
 39
 36
 31
 32
 29
 36
 36
 35
 37
 35
 31
 33
 31
 34
 35
 26
 29
 32
 30
 31
 28
 26
 26
 24
 21
 22
 27
 24
 24
 24
 24
 35
 36
 36
 43
 46
 36
 37
 37
 45
 46
 41
 37
 38
 33
 28
 28
 39
 40
 32
 34
 29
 30
 32
 35
 41
 41
 35
 34
 37
 35
 33
 28
 40
 42
 31
 33
 27
 27
 34
 35
 35
 37
 25
 27
 29
 26
 40
 42
 35
 33
 32
 32
 34
 33
 40
 42
 29
 32
 33
 33
 33
 33
 38
 35
 28
 28
 29
 29
 25
 38
 41
 41
 36
 35
 37
 37
 35
 42
 44
 28
 28
 30
 28
 36
 35
 33
 34
 27
 31
 31
 28
 26
 26
 21
 22
 23
 19
 23
 20
 20
 24
 30
 32
 34
 34
 33
 34
 33
 30
 40
 40
 30
 32
 30
 28
 27
 29
 29
 32
 25
 24
 25
 32
 35
 37
 39
 36
 35
 36
 35
 41
 42
 30
 31
 30
 24
 27
 36
 33
 38
 34
 34
 32
 34
 34
 43
 40
 33
 35
 29
 30
 31
 31
 34
 30
 26
 26
 26
 23
 23
 35
 33
 32
 30
 29
 30
 29
 28
 43
 46
 31
 32
 37
 34
 34
 31
 41
 43
 28
 32
 31
 32
 28
 29
 40
 43
 33
 31
 32
 31
 32
 37
 45
 39
 31
 32
 34
 37
 36
 38
 47
 41
 34
 33
 36
 37
 34
 33
 45
 44
 32
 34
 35
 35
 38
 43
 46
 41
 34
 34
 33
 35
 41
 42
 35
 27
 26
 28
 28
 27
 24
 31
 24
 26
 25
 37
 37
 35
 34
 36
 37
 31
 30
 38
 37
 25
 27
 28
 36
 36
 37
 36
 39
 33
 31
 34
 32
 36
 27
 24
 24
 24
 23
 23
 25
 32
 33
 31
 32
 36
 38
 37
 34
 42
 40
 30
 31
 37
 35
 32
 40
 42
 40
 32
 32
 34
 35
 29
 39
 37
 36
 35
 36
 34
 39
 37
 36
 32
 26
 37
 29
 29
 29
 31
 29
 30
 39
 40
 41
 31
 31
 30
 38
 42
 41
 36
 29
 26
 28
 27
 27
 27
 21
 21
 23
 22
 26
 29
 24
 27
 29
 26
 37
 35
 32
 34
 39
 34
 38
 45
 43
 43
 34
 33
 36
 36
 26
 32
 28
 22
 22
 28
 41
 41
 43
 41
 42
 41
 39
 42
 52
 48
 34
 34
 34
 33
 37
 40
 42
 39
 28
 30
 31
 34
 29
 38
 39
 37
 38
 38
 40
 36
 39
 43
 40
 32
 34
 36
 35
 31
 30
 40
 38
 38
 39
 41
 46
 39
 38
 35
 38
 38
 38
 25
 25
 29
 24
 26
 25
 37
 37
 32
 33
 32
 34
 32
 57
 58
 58
 48
 50
 50
 62
 60
 62
 36
 36
 33
 35
 47
 49
 48
 40
 40
 40
 37
 39
 48
 46
 32
 33
 30
 25
 23
 22
 32
 35
 26
 25
 29
 26
 28
 25
 35
 39
 37
 37
 37
 39
 37
 37
 43
 45
 33
 35
 29
 32
 33
 27
 30
 31
 24
 25
 27
 31
 28
 38
 37
 39
 38
 40
 40
 39
 47
 40
 44
 39
 38
 38
 36
 42
 41
 42
 28
 28
 23
 26
 25
 27
 38
 30
 33
 31
 29
 30
 31
 44
 44
 42
 31
 31
 31
 28
 28
 39
 42
 29
 31
 32
 31
 30
 27
 35
 37
 27
 28
 29
 25
 27
 31
 43
 45
 34
 36
 37
 37
 37
 39
 47
 45
 38
 38
 40
 37
 36
 33
 43
 45
 34
 33
 27
 31
 36
 36
 41
 39
 30
 31
 29
 29
 29
 26
 28
 30
 32
 33
 37
 34
 45
 47
 50
 42
 35
 38
 38
 41
 41
 41
 30
 30
 30
 31
 46
 44
 40
 39
 35
 34
 37
 36
 48
 50
 34
 37
 40
 40
 39
 45
 47
 49
 41
 38
 38
 40
 46
 45
 44
 36
 30
 31
 30
 31
 42
 39
 32
 32
 34
 35
 35
 33
 43
 43
 31
 31
 35
 36
 34
 35
 45
 45
 31
 34
 38
 37
 37
 35
 44
 42
 34
 35
 39
 34
 40
 41
 43
 43
 34
 38
 38
 37
 41
 43
 32
 34
 34
 35
 37
 30
 44
 40
 34
 36
 38
 38
 40
 40
 46
 48
 38
 35
 35
 32
 33
 34
 42
 41
 30
 27
 28
 29
 30
 30
 46
 43
 37
 34
 35
 34
 38
 38
 50
 51
 33
 33
 34
 35
 33
 33
 41
 43
 30
 31
 31
 32
 28
 28
 40
 43
 35
 34
 36
 37
 38
 40
 47
 48
 37
 36
 37
 42
 41
 43
 48
 43
 37
 37
 40
 38
 37
 37
 46
 43
 37
 36
 39
 41
 36
 41
 41
 35
 33
 33
 33
 30
 29
 30
 40
 33
 33
 35
 29
 30
 32
 33
 34
 30
 24
 27
 30
 36
 40
 40
 36
 38
 41
 42
 37
 37
 47
 45
 36
 37
 42
 43
 45
 43
 52
 49
 37
 37
 34
 37
 33
 35
 35
 36
 30
 39
 41
 38
 39
 49
 52
 47
 39
 41
 43
 40
 36
 40
 43
 33
 33
 34
 32
 30
 38
 35
 41
 34
 34
 33
 37
 41
 39
 40
 35
 34
 29
 27
 37
 39
 34
 28
 29
 34
 30
 41
 40
 42
 31
 33
 32
 35
 37
 45
 45
 30
 33
 36
 39
 38
 36
 46
 46
 37
 35
 35
 35
 40
 37
 37
 31
 34
 34
 32
 35
 33
 33
 29
 30
 38
 39
 27
 33
 33
 30
 30
 33
 39
 42
 31
 32
 33
 27
 25
 35
 35
 35
 30
 27
 30
 28
 31
 38
 40
 36
 34
 36
 35
 46
 43
 42
 38
 33
 35
 31
 32
 39
 40
 28
 32
 30
 33
 35
 50
 51
 45
 43
 39
 38
 38
 41
 44
 46
 22
 23
 32
 34
 35
 39
 39
 37
 36
 32
 43
 45
 41
 40
 42
 39
 40
 40
 48
 50
 36
 36
 34
 33
 31
 34
 42
 44
 33
 30
 31
 32
 34
 37
 45
 44
 33
 34
 34
 34
 35
 34
 34
 36
 32
 34
 37
 31
 32
 30
 37
 40
 40
 40
 35
 33
 29
 33
 33
 35
 31
 28
 28
 24
 25
 25
 29
 26
 27
 29
 26
 28
 30
 38
 36
 35
 35
 39
 45
 41
 43
 52
 48
 39
 37
 38
 37
 38
 38
 40
 37
 31
 33
 33
 36
 36
 48
 44
 33
 34
 38
 38
 39
 40
 45
 46
 33
 33
 36
 34
 37
 36
 46
 47
 39
 39
 37
 43
 38
 40
 46
 46
 34
 38
 34
 36
 38
 31
 43
 41
 26
 28
 29
 27
 27
 29
 40
 43
 31
 31
 34
 31
 32
 42
 43
 41
 29
 28
 31
 29
 35
 35
 34
 29
 27
 31
 30
 29
 38
 40
 37
 34
 35
 33
 35
 30
 42
 43
 32
 35
 28
 28
 41
 43
 35
 36
 34
 34
 34
 31
 41
 45
 33
 35
 32
 34
 34
 33
 44
 45
 37
 36
 41
 39
 40
 47
 36
 37
 31
 31
 28
 28
 23
 24
 33
 27
 27
 29
 32
 30
 32
 42
 41
 39
 30
 34
 35
 34
 36
 42
 44
 31
 32
 32
 33
 32
 37
 41
 36
 31
 31
 37
 41
 41
 48
 49
 39
 34
 35
 36
 39
 39
 33
 32
 29
 31
 33
 30
 39
 40
 32
 30
 32
 33
 35
 35
 44
 45
 35
 35
 37
 34
 36
 37
 47
 45
 35
 34
 38
 39
 40
 41
 45
 45
 34
 37
 35
 37
 35
 34
 42
 38
 34
 34
 31
 26
 24
 23
 33
 33
 24
 27
 29
 31
 29
 28
 29
 32
 26
 35
 34
 33
 30
 29
 30
 29
 33
 31
 39
 30
 32
 35
 39
 35
 34
 42
 43
 43
 33
 34
 33
 38
 33
 46
 46
 39
 38
 36
 39
 39
 41
 44
 46
 33
 38
 30
 31
 33
 37
 36
 33
 27
 27
 29
 23
 23
 25
 31
 24
 23
 24
 24
 26
 36
 37
 37
 36
 32
 32
 33
 45
 47
 44
 31
 34
 36
 35
 29
 40
 43
 32
 32
 33
 32
 34
 36
 43
 44
 33
 34
 31
 31
 31
 33
 37
 33
 25
 27
 28
 26
 27
 37
 39
 37
 26
 29
 30
 33
 34
 36
 36
 26
 21
 25
 27
 30
 39
 32
 28
 30
 28
 30
 29
 36
 45
 41
 32
 33
 35
 33
 32
 49
 52
 46
 36
 36
 42
 40
 38
 47
 49
 32
 33
 34
 33
 33
 29
 40
 37
 30
 32
 35
 33
 34
 31
 41
 44
 32
 32
 32
 33
 35
 33
 43
 45
 35
 33
 32
 35
 35
 32
 38
 39
 29
 30
 28
 28
 32
 32
 40
 43
 31
 33
 33
 27
 29
 31
 41
 38
 30
 31
 31
 31
 35
 36
 37
 35
 23
 27
 31
 30
 29
 31
 29
 28
 33
 34
 36
 35
 30
 30
 43
 42
 34
 37
 29
 29
 30
 31
 47
 49
 35
 34
 35
 35
 39
 38
 40
 39
 25
 24
 24
 28
 29
 30
 45
 47
 47
 49
 49
 52
 52
 46
 46
 28
 26
 28
 1488
 1486
 1488
 1486
 1489
 1487
 1490
 1490
 1502
 1505
 44
 43
 46
 45
 42
 43
 44
 45
 31
 25
 39
 41
 38
 38
 39
 41
 38
 38
 48
 47
 35
 43
 40
 37
 39
 39
 159
 161
 149
 150
 148
 144
 149
 150
 156
 159
 42
 40
 38
 39
 43
 42
 49
 45
 33
 31
 32
 32
 34
 34
 40
 42
 30
 29
 28
 30
 28
 31
 40
 42
 30
 29
 27
 29
 33
 38
 39
 33
 26
 26
 28
 28
 32
 38
 35
 31
 29
 30
 32
 30
 30
 41
 36
 29
 30
 33
 30
 31
 28
 30
 30
 22
 22
 24
 24
 31
 33
 34
 35
 35
 34
 33
 37
 37
 32
 27
 35
 32
 35
 35
 34
 34
 33
 36
 43
 43
 37
 37
 30
 32
 33
 50
 49
 48
 41
 42
 38
 40
 39
 46
 48
 32
 32
 30
 31
 32
 30
 36
 37
 28
 29
 29
 32
 30
 30
 31
 33
 25
 27
 37
 35
 35
 35
 32
 32
 35
 31
 43
 43
 32
 31
 35
 31
 33
 34
 41
 43
 27
 30
 32
 33
 33
 34
 40
 42
 34
 33
 37
 36
 32
 43
 42
 39
 31
 30
 28
 28
 31
 31
 29
 24
 26
 28
 29
 27
 28
 30
 28
 30
 32
 33
 30
 31
 31
 38
 40
 37
 33
 31
 31
 28
 28
 35
 36
 28
 30
 26
 26
 31
 33
 38
 38
 30
 33
 34
 30
 34
 41
 32
 32
 28
 31
 33
 31
 34
 34
 31
 24
 27
 30
 29
 27
 24
 32
 26
 27
 30
 31
 30
 29
 32
 32
 35
 24
 25
 35
 31
 32
 32
 31
 25
 28
 28
 37
 39
 29
 31
 32
 32
 30
 38
 37
 37
 28
 27
 29
 32
 29
 40
 41
 31
 34
 34
 38
 36
 37
 37
 39
 34
 33
 35
 29
 32
 25
 33
 34
 33
 32
 26
 26
 29
 31
 38
 40
 35
 41
 33
 36
 34
 38
 43
 41
 34
 35
 33
 29
 30
 31
 33
 34
 28
 26
 28
 37
 36
 34
 35
 36
 34
 37
 34
 201
 196
 191
 192
 193
 195
 192
 197
 201
 203
 33
 37
 37
 42
 40
 37
 43
 29
 29
 31
 41
 41
 40
 36
 38
 38
 32
 34
 41
 43
 31
 31
 36
 32
 38
 38
 40
 38
 33
 29
 34
 34
 29
 29
 26
 27
 34
 35
 34
 34
 31
 32
 32
 34
 31
 30
 20
 21
 18
 28
 30
 30
 30
 32
 28
 29
 30
 31
 30
 24
 26
 23
 37
 32
 34
 33
 34
 36
 36
 46
 47
 47
 36
 36
 39
 40
 42
 49
 51
 38
 37
 39
 40
 40
 32
 39
 41
 32
 35
 32
 36
 35
 30
 33
 28
 23
 22
 23
 24
 27
 33
 33
 31
 32
 35
 35
 34
 35
 39
 38
 29
 29
 31
 29
 27
 33
 40
 42
 31
 33
 37
 37
 33
 33
 39
 35
 29
 28
 29
 31
 29
 28
 37
 36
 27
 30
 31
 31
 31
 29
 32
 27
 21
 22
 32
 28
 28
 27
 28
 32
 41
 38
 38
 36
 30
 31
 33
 30
 38
 40
 26
 26
 28
 31
 30
 30
 44
 44
 37
 33
 35
 31
 32
 30
 33
 38
 24
 26
 23
 33
 31
 29
 31
 33
 36
 29
 30
 29
 31
 25
 26
 32
 32
 31
 29
 34
 32
 37
 39
 36
 33
 32
 30
 34
 31
 26
 39
 31
 31
 39
 42
 38
 40
 37
 44
 45
 33
 35
 40
 28
 26
 26
 30
 30
 23
 26
 25
 26
 21
 22
 25
 26
 32
 33
 34
 34
 34
 33
 32
 43
 44
 42
 34
 32
 35
 34
 34
 33
 34
 24
 23
 30
 27
 39
 40
 40
 37
 36
 35
 34
 36
 41
 42
 29
 29
 31
 31
 28
 28
 40
 42
 30
 32
 32
 30
 29
 34
 33
 36
 24
 27
 26
 34
 35
 34
 36
 30
 31
 30
 31
 37
 39
 30
 27
 30
 33
 34
 31
 41
 41
 32
 31
 30
 32
 33
 30
 37
 39
 30
 30
 31
 36
 37
 37
 43
 45
 35
 35
 38
 35
 34
 34
 41
 43
 32
 33
 31
 33
 33
 40
 37
 36
 29
 30
 38
 35
 35
 36
 31
 30
 31
 37
 37
 35
 29
 30
 32
 37
 46
 43
 39
 34
 32
 37
 37
 36
 44
 36
 32
 32
 33
 29
 37
 39
 43
 44
 34
 34
 32
 34
 41
 43
 32
 31
 25
 27
 30
 29
 36
 35
 25
 25
 38
 42
 37
 36
 39
 40
 34
 34
 36
 39
 28
 27
 29
 29
 29
 26
 30
 31
 25
 23
 24
 27
 25
 26
 27
 28
 25
 27
 27
 39
 38
 37
 36
 40
 41
 40
 37
 46
 48
 33
 33
 34
 32
 27
 26
 29
 26
 20
 23
 21
 23
 22
 25
 23
 24
 23
 33
 33
 30
 33
 31
 30
 25
 25
 30
 33
 22
 25
 27
 22
 29
 36
 34
 37
 32
 38
 36
 34
 41
 41
 36
 29
 30
 37
 38
 31
 33
 34
 27
 30
 28
 30
 27
 22
 23
 32
 31
 28
 30
 29
 30
 27
 28
 44
 43
 33
 35
 40
 38
 40
 37
 39
 40
 27
 31
 32
 39
 34
 32
 32
 32
 35
 33
 43
 41
 40
 33
 31
 30
 34
 33
 37
 38
 28
 33
 33
 31
 39
 40
 35
 34
 30
 29
 32
 26
 33
 34
 30
 30
 31
 32
 38
 38
 36
 36
 27
 29
 27
 27
 28
 28
 29
 31
 32
 33
 33
 30
 34
 39
 36
 37
 27
 25
 25
 26
 26
 37
 33
 29
 33
 34
 33
 30
 32
 41
 37
 31
 29
 32
 29
 30
 29
 40
 40
 31
 33
 31
 32
 33
 36
 44
 45
 34
 32
 34
 33
 33
 32
 31
 26
 21
 22
 23
 25
 38
 39
 41
 40
 39
 40
 41
 41
 53
 53
 44
 44
 39
 39
 38
 38
 49
 50
 35
 35
 29
 32
 29
 32
 44
 46
 32
 33
 33
 31
 34
 32
 42
 43
 30
 28
 31
 30
 31
 31
 35
 37
 27
 30
 26
 26
 24
 21
 27
 29
 23
 37
 38
 33
 35
 56
 56
 58
 62
 71
 69
 57
 59
 59
 35
 33
 34
 51
 47
 37
 39
 42
 38
 41
 37
 45
 47
 31
 31
 33
 43
 40
 42
 39
 41
 33
 32
 30
 42
 44
 34
 36
 35
 33
 37
 37
 59
 56
 48
 51
 49
 46
 47
 48
 55
 56
 33
 36
 33
 29
 30
 32
 43
 40
 34
 35
 36
 29
 30
 43
 43
 39
 32
 34
 35
 36
 38
 47
 49
 35
 37
 38
 34
 34
 33
 42
 36
 28
 32
 36
 34
 35
 35
 48
 50
 37
 39
 43
 39
 35
 35
 45
 44
 32
 33
 33
 33
 26
 31
 32
 30
 25
 22
 25
 24
 41
 38
 38
 38
 35
 37
 34
 36
 44
 46
 31
 36
 35
 34
 34
 34
 45
 45
 35
 36
 38
 33
 33
 32
 38
 36
 28
 25
 28
 38
 35
 36
 42
 38
 36
 36
 34
 48
 50
 37
 37
 36
 34
 35
 34
 51
 50
 38
 34
 36
 39
 38
 34
 44
 45
 29
 30
 32
 34
 31
 30
 36
 37
 32
 32
 36
 38
 34
 34
 31
 34
 31
 39
 29
 32
 34
 34
 43
 43
 42
 41
 39
 34
 34
 33
 26
 26
 21
 22
 21
 26
 37
 34
 37
 41
 36
 36
 36
 37
 49
 43
 34
 35
 34
 32
 34
 36
 47
 48
 35
 33
 32
 37
 36
 35
 42
 45
 33
 32
 32
 31
 30
 30
 44
 45
 35
 32
 35
 36
 38
 45
 54
 53
 39
 40
 45
 46
 44
 44
 52
 47
 37
 36
 37
 35
 32
 45
 46
 41
 36
 39
 37
 38
 33
 42
 45
 30
 33
 38
 37
 31
 33
 45
 45
 37
 35
 40
 39
 36
 43
 44
 49
 37
 35
 34
 35
 29
 39
 40
 30
 37
 31
 28
 28
 29
 41
 42
 33
 38
 37
 31
 30
 33
 30
 34
 30
 30
 30
 35
 37
 36
 39
 38
 38
 37
 35
 36
 38
 30
 31
 30
 32
 28
 37
 39
 32
 31
 33
 33
 29
 46
 47
 42
 35
 34
 36
 34
 36
 45
 46
 28
 31
 32
 33
 32
 30
 41
 44
 32
 33
 35
 33
 31
 33
 41
 42
 29
 29
 35
 45
 44
 41
 42
 40
 36
 33
 36
 44
 42
 31
 30
 31
 34
 34
 33
 43
 41
 29
 30
 30
 33
 28
 43
 44
 42
 33
 34
 40
 41
 40
 40
 40
 30
 29
 27
 28
 40
 32
 29
 28
 32
 34
 30
 40
 43
 42
 28
 31
 31
 32
 28
 38
 39
 28
 30
 30
 31
 26
 31
 42
 46
 34
 35
 37
 40
 42
 45
 47
 39
 35
 36
 34
 34
 39
 36
 36
 29
 27
 29
 34
 31
 29
 30
 29
 31
 31
 37
 38
 38
 33
 37
 38
 36
 36
 42
 38
 31
 34
 35
 34
 30
 30
 36
 32
 25
 24
 29
 25
 25
 26
 31
 32
 26
 35
 39
 37
 33
 38
 40
 41
 34
 44
 46
 45
 41
 42
 42
 41
 42
 39
 41
 34
 36
 28
 28
 29
 30
 32
 27
 20
 22
 25
 22
 22
 35
 36
 35
 34
 31
 33
 31
 27
 29
 31
 22
 25
 35
 34
 38
 36
 40
 39
 37
 41
 48
 48
 38
 37
 37
 38
 32
 49
 50
 50
 39
 40
 40
 39
 33
 47
 49
 34
 34
 32
 33
 34
 39
 49
 50
 32
 34
 38
 39
 41
 40
 49
 43
 38
 38
 38
 40
 39
 41
 46
 45
 33
 35
 28
 30
 35
 39
 39
 36
 32
 30
 34
 33
 35
 42
 40
 38
 37
 39
 40
 38
 47
 47
 46
 35
 35
 34
 33
 34
 52
 53
 42
 47
 46
 42
 43
 46
 60
 57
 39
 40
 38
 33
 34
 36
 48
 48
 31
 34
 32
 34
 34
 36
 45
 47
 33
 36
 36
 32
 35
 31
 44
 43
 33
 32
 32
 28
 30
 33
 41
 43
 37
 37
 38
 35
 36
 38
 41
 38
 28
 29
 22
 22
 21
 31
 32
 32
 30
 31
 31
 33
 33
 36
 36
 27
 27
 27
 38
 36
 41
 41
 44
 46
 46
 44
 52
 48
 36
 35
 29
 30
 39
 32
 34
 37
 31
 32
 33
 34
 61
 61
 52
 52
 52
 51
 51
 52
 60
 63
 38
 38
 42
 37
 39
 37
 50
 52
 38
 38
 32
 37
 39
 43
 42
 43
 33
 33
 31
 30
 31
 31
 35
 35
 35
 33
 30
 32
 31
 34
 32
 34
 28
 30
 29
 31
 42
 41
 42
 34
 32
 31
 35
 35
 46
 42
 34
 34
 35
 35
 34
 36
 37
 33
 25
 27
 36
 35
 33
 34
 34
 38
 35
 31
 36
 33
 28
 28
 28
 27
 39
 35
 34
 38
 32
 33
 33
 36
 45
 45
 33
 32
 34
 29
 30
 31
 41
 39
 29
 31
 30
 30
 29
 30
 39
 39
 29
 31
 33
 30
 30
 32
 34
 35
 23
 25
 28
 29
 28
 28
 30
 28
 27
 27
 26
 27
 21
 22
 23
 26
 33
 34
 31
 34
 36
 32
 34
 32
 50
 45
 37
 36
 38
 35
 33
 34
 45
 45
 30
 31
 31
 32
 34
 36
 45
 40
 30
 31
 32
 31
 30
 33
 39
 35
 28
 29
 29
 31
 31
 32
 42
 38
 32
 37
 39
 38
 39
 38
 46
 45
 41
 40
 42
 38
 33
 35
 34
 37
 30
 31
 25
 33
 31
 31
 32
 28
 29
 30
 41
 39
 38
 31
 30
 31
 31
 30
 42
 37
 31
 31
 32
 31
 31
 28
 41
 43
 31
 32
 31
 32
 31
 34
 45
 45
 33
 34
 33
 31
 28
 30
 42
 37
 29
 30
 32
 33
 30
 30
 41
 34
 26
 28
 29
 27
 27
 27
 40
 40
 33
 32
 36
 39
 40
 41
 52
 55
 40
 42
 41
 43
 38
 40
 49
 46
 33
 32
 36
 35
 33
 34
 44
 40
 31
 33
 32
 33
 30
 40
 42
 37
 31
 34
 36
 39
 37
 45
 45
 37
 34
 37
 39
 38
 38
 43
 44
 38
 39
 36
 37
 36
 33
 43
 43
 29
 30
 30
 31
 31
 31
 41
 36
 29
 31
 31
 30
 33
 42
 42
 42
 31
 32
 33
 31
 32
 31
 39
 27
 27
 31
 32
 33
 32
 30
 39
 40
 28
 29
 29
 25
 25
 25
 44
 50
 47
 52
 51
 61
 61
 62
 63
 45
 45
 38
 33
 39
 40
 30
 32
 35
 34
 37
 36
 49
 46
 35
 35
 37
 34
 35
 33
 41
 42
 31
 31
 34
 35
 32
 36
 38
 38
 25
 27
 26
 29
 27
 37
 37
 31
 31
 31
 35
 34
 36
 46
 45
 37
 38
 38
 38
 40
 55
 57
 50
 42
 42
 41
 42
 43
 53
 45
 32
 32
 33
 32
 33
 34
 41
 36
 31
 32
 34
 32
 34
 33
 35
 35
 26
 26
 26
 27
 34
 35
 32
 34
 33
 26
 26
 27
 43
 39
 32
 35
 36
 37
 33
 34
 45
 45
 33
 33
 34
 33
 35
 43
 43
 38
 32
 36
 36
 35
 34
 39
 38
 27
 27
 30
 28
 38
 38
 38
 40
 33
 33
 34
 36
 45
 46
 35
 34
 36
 34
 34
 34
 41
 43
 34
 36
 37
 39
 37
 38
 45
 47
 36
 37
 34
 38
 35
 36
 46
 44
 36
 37
 38
 39
 39
 34
 43
 42
 32
 33
 32
 29
 29
 29
 39
 41
 32
 34
 38
 39
 41
 39
 50
 52
 36
 36
 36
 36
 37
 36
 34
 27
 21
 21
 22
 29
 26
 27
 26
 27
 26
 28
 31
 32
 32
 22
 23
 28
 24
 28
 31
 32
 31
 30
 29
 31
 41
 34
 33
 35
 36
 33
 38
 36
 49
 43
 37
 38
 39
 38
 37
 36
 34
 36
 22
 25
 23
 33
 33
 33
 35
 37
 38
 38
 39
 46
 48
 33
 36
 34
 35
 37
 37
 44
 43
 33
 35
 35
 32
 35
 38
 51
 50
 41
 44
 44
 41
 42
 45
 56
 47
 41
 41
 44
 39
 37
 36
 51
 52
 37
 40
 40
 41
 37
 40
 50
 50
 35
 35
 35
 33
 32
 31
 51
 45
 35
 37
 37
 38
 40
 43
 50
 51
 32
 33
 34
 37
 38
 36
 45
 39
 38
 39
 42
 42
 42
 34
 45
 47
 37
 38
 30
 32
 29
 32
 40
 43
 37
 37
 38
 34
 34
 35
 50
 48
 37
 37
 31
 31
 33
 33
 46
 46
 33
 37
 37
 39
 37
 47
 49
 47
 35
 33
 35
 31
 31
 37
 32
 27
 29
 29
 29
 31
 29
 40
 40
 32
 35
 34
 37
 37
 37
 41
 35
 28
 28
 27
 27
 31
 30
 31
 29
 30
 31
 31
 31
 30
 32
 33
 33
 29
 30
 25
 26
 26
 26
 37
 25
 28
 29
 31
 32
 33
 32
 41
 41
 30
 31
 30
 33
 31
 30
 39
 40
 31
 32
 33
 33
 32
 31
 41
 42
 28
 31
 32
 31
 32
 40
 43
 36
 32
 33
 34
 31
 29
 34
 36
 26
 25
 25
 40
 42
 37
 39
 39
 36
 33
 37
 38
 38
 24
 24
 26
 36
 37
 38
 39
 36
 36
 40
 38
 41
 37
 30
 30
 21
 40
 39
 39
 39
 40
 37
 34
 34
 46
 46
 28
 29
 30
 30
 31
 33
 40
 42
 31
 34
 35
 35
 35
 36
 36
 33
 27
 25
 25
 27
 34
 36
 40
 39
 35
 35
 35
 35
 46
 46
 36
 36
 30
 32
 31
 30
 47
 46
 41
 40
 41
 43
 46
 45
 51
 53
 38
 35
 32
 36
 36
 32
 44
 41
 35
 34
 33
 34
 34
 29
 46
 48
 34
 35
 36
 36
 34
 38
 39
 39
 23
 23
 24
 23
 32
 34
 34
 30
 32
 35
 30
 33
 42
 44
 32
 33
 31
 33
 34
 33
 35
 31
 30
 29
 31
 31
 32
 30
 31
 30
 33
 40
 33
 30
 32
 32
 32
 32
 34
 41
 38
 29
 30
 31
 34
 33
 29
 40
 40
 32
 31
 32
 33
 33
 38
 37
 39
 28
 30
 29
 30
 30
 29
 29
 21
 22
 22
 22
 22
 33
 32
 30
 30
 28
 28
 30
 29
 39
 37
 29
 33
 36
 35
 35
 35
 41
 40
 31
 31
 37
 23
 24
 25
 36
 39
 29
 30
 30
 32
 27
 42
 42
 43
 34
 34
 34
 34
 35
 45
 46
 32
 33
 33
 32
 30
 31
 41
 37
 28
 28
 32
 31
 30
 30
 36
 39
 31
 32
 32
 32
 29
 27
 33
 33
 23
 25
 24
 25
 39
 40
 39
 41
 36
 34
 37
 35
 42
 43
 28
 28
 30
 34
 32
 35
 41
 42
 34
 35
 32
 33
 34
 30
 35
 33
 24
 24
 40
 39
 39
 39
 40
 39
 35
 38
 38
 41
 27
 28
 27
 36
 34
 34
 35
 33
 29
 29
 28
 37
 35
 33
 33
 35
 34
 33
 40
 41
 41
 32
 31
 28
 27
 28
 40
 44
 36
 38
 41
 40
 40
 36
 45
 40
 31
 32
 33
 32
 29
 35
 41
 42
 32
 30
 31
 38
 41
 40
 42
 38
 30
 31
 33
 32
 34
 36
 30
 30
 29
 32
 31
 33
 39
 41
 33
 32
 31
 34
 34
 35
 43
 43
 36
 33
 34
 37
 38
 34
 35
 31
 25
 27
 23
 22
 33
 35
 32
 34
 37
 37
 37
 32
 42
 45
 33
 31
 32
 35
 30
 30
 44
 44
 38
 35
 38
 35
 34
 34
 37
 39
 25
 27
 23
 29
 27
 26
 26
 27
 27
 36
 35
 37
 37
 31
 32
 31
 34
 43
 41
 33
 34
 31
 31
 31
 38
 40
 45
 34
 36
 34
 28
 30
 39
 42
 31
 31
 30
 30
 32
 30
 39
 40
 30
 29
 35
 35
 29
 30
 34
 36
 32
 32
 44
 46
 40
 40
 44
 41
 40
 37
 41
 44
 33
 37
 36
 37
 35
 39
 36
 38
 32
 30
 29
 30
 32
 31
 34
 33
 33
 33
 38
 41
 31
 33
 30
 33
 36
 35
 35
 36
 26
 24
 28
 28
 39
 38
 41
 41
 43
 35
 37
 40
 51
 46
 38
 40
 34
 31
 34
 38
 50
 49
 35
 35
 39
 39
 36
 39
 46
 44
 31
 31
 32
 32
 35
 31
 32
 37
 27
 26
 25
 27
 37
 36
 30
 29
 31
 25
 28
 37
 39
 41
 34
 34
 33
 36
 39
 47
 45
 35
 37
 30
 31
 32
 32
 39
 34
 28
 32
 33
 28
 29
 28
 39
 41
 33
 30
 35
 31
 30
 30
 41
 44
 31
 31
 29
 32
 28
 31
 37
 39
 31
 28
 29
 29
 32
 34
 41
 35
 31
 51
 55
 58
 58
 68
 68
 66
 59
 61
 41
 39
 37
 35
 38
 41
 37
 38
 38
 44
 38
 39
 39
 50
 41
 33
 33
 35
 38
 40
 36
 38
 38
 33
 35
 34
 36
 42
 42
 39
 38
 37
 36
 40
 48
 49
 47
 35
 36
 32
 29
 38
 41
 43
 33
 33
 31
 33
 35
 32
 46
 36
 38
 31
 37
 38
 37
 40
 51
 51
 40
 40
 39
 38
 35
 36
 43
 44
 35
 36
 34
 38
 38
 35
 44
 46
 34
 37
 29
 30
 33
 28
 39
 41
 32
 31
 33
 30
 31
 40
 44
 39
 43
 48
 47
 48
 46
 59
 55
 49
 49
 52
 38
 33
 45
 44
 46
 36
 38
 38
 35
 38
 44
 45
 31
 33
 36
 32
 31
 44
 42
 40
 33
 35
 32
 33
 34
 42
 42
 27
 30
 32
 30
 28
 28
 40
 41
 32
 34
 37
 34
 34
 35
 45
 48
 34
 34
 36
 33
 36
 36
 39
 35
 26
 24
 24
 35
 38
 40
 34
 36
 43
 45
 48
 49
 47
 37
 37
 31
 41
 43
 33
 38
 33
 35
 33
 35
 38
 44
 32
 33
 41
 35
 37
 35
 36
 35
 33
 29
 38
 40
 32
 35
 35
 35
 33
 34
 44
 38
 33
 31
 32
 30
 39
 39
 42
 37
 31
 34
 33
 32
 41
 42
 36
 36
 35
 34
 35
 30
 44
 44
 35
 37
 29
 32
 35
 33
 46
 46
 31
 31
 32
 32
 37
 40
 46
 49
 34
 34
 35
 35
 41
 40
 36
 33
 28
 26
 28
 41
 43
 37
 37
 37
 35
 34
 35
 42
 44
 29
 29
 29
 30
 30
 29
 32
 27
 22
 23
 25
 24
 35
 34
 37
 37
 36
 34
 37
 36
 38
 39
 27
 29
 28
 30
 29
 40
 41
 36
 36
 33
 35
 33
 32
 44
 44
 35
 35
 35
 35
 41
 40
 52
 50
 38
 39
 37
 35
 34
 35
 27
 31
 23
 21
 27
 23
 25
 26
 25
 33
 32
 26
 29
 33
 33
 33
 34
 33
 35
 26
 25
 27
 26
 23
 32
 32
 32
 34
 31
 32
 41
 43
 42
 39
 31
 32
 34
 30
 42
 46
 37
 39
 37
 34
 31
 38
 40
 40
 29
 29
 27
 29
 28
 30
 41
 34
 32
 33
 31
 35
 33
 28
 37
 36
 29
 30
 30
 28
 32
 30
 32
 35
 30
 29
 30
 27
 28
 28
 29
 26
 29
 36
 29
 29
 32
 36
 32
 33
 32
 40
 38
 29
 30
 30
 32
 27
 30
 38
 40
 31
 33
 30
 30
 30
 40
 42
 35
 32
 30
 33
 32
 34
 45
 45
 30
 33
 36
 33
 34
 34
 44
 44
 31
 34
 36
 32
 33
 34
 37
 31
 28
 27
 29
 29
 35
 34
 32
 30
 27
 27
 31
 42
 41
 39
 32
 31
 35
 33
 34
 47
 42
 40
 37
 40
 40
 39
 35
 49
 50
 37
 37
 28
 30
 34
 36
 46
 46
 33
 32
 32
 32
 35
 38
 50
 54
 40
 42
 41
 42
 44
 44
 51
 42
 31
 31
 31
 31
 30
 31
 43
 41
 33
 34
 35
 32
 33
 38
 38
 40
 28
 28
 29
 28
 28
 29
 26
 20
 24
 23
 23
 27
 26
 26
 27
 24
 26
 38
 35
 30
 36
 35
 34
 34
 33
 42
 41
 29
 32
 30
 27
 29
 30
 40
 35
 30
 30
 31
 33
 35
 31
 42
 42
 37
 38
 38
 36
 39
 37
 45
 46
 39
 37
 33
 34
 35
 37
 35
 32
 26
 26
 21
 23
 30
 30
 27
 31
 31
 32
 30
 30
 38
 36
 29
 28
 32
 30
 29
 34
 42
 45
 34
 35
 33
 34
 33
 41
 37
 36
 30
 29
 30
 31
 40
 40
 36
 30
 33
 29
 35
 33
 44
 43
 37
 37
 37
 37
 37
 41
 35
 37
 28
 27
 24
 24
 25
 26
 37
 32
 33
 32
 34
 35
 37
 36
 44
 43
 31
 31
 30
 32
 31
 32
 37
 39
 30
 29
 31
 33
 30
 29
 38
 40
 29
 29
 29
 30
 30
 27
 29
 28
 21
 21
 22
 23
 38
 35
 36
 35
 33
 34
 33
 34
 44
 46
 31
 33
 32
 33
 32
 31
 41
 40
 29
 30
 31
 31
 32
 30
 33
 33
 23
 25
 35
 35
 33
 30
 34
 36
 34
 36
 43
 42
 32
 31
 34
 34
 27
 28
 40
 41
 32
 32
 31
 33
 32
 32
 46
 44
 33
 34
 30
 31
 32
 32
 43
 44
 33
 33
 34
 32
 32
 38
 37
 33
 24
 29
 26
 27
 29
 31
 31
 24
 25
 29
 31
 23
 23
 32
 30
 29
 28
 28
 29
 34
 36
 34
 36
 32
 34
 37
 36
 42
 44
 33
 33
 32
 30
 28
 27
 29
 30
 25
 26
 26
 27
 26
 25
 35
 37
 27
 29
 28
 30
 35
 37
 33
 37
 32
 33
 36
 40
 42
 38
 35
 35
 37
 33
 31
 41
 38
 32
 32
 30
 30
 30
 28
 45
 45
 35
 36
 37
 36
 38
 35
 45
 45
 29
 31
 30
 31
 34
 33
 39
 40
 30
 32
 32
 31
 32
 33
 34
 34
 26
 25
 27
 25
 28
 29
 31
 25
 21
 22
 33
 34
 32
 34
 36
 31
 31
 30
 42
 39
 32
 33
 36
 32
 31
 29
 37
 38
 33
 33
 35
 35
 35
 37
 34
 36
 26
 26
 28
 32
 31
 26
 25
 25
 25
 30
 27
 27
 27
 21
 23
 24
 24
 22
 35
 31
 28
 29
 33
 33
 29
 31
 42
 44
 30
 31
 38
 36
 36
 34
 44
 39
 37
 37
 35
 37
 35
 36
 44
 43
 35
 37
 29
 32
 35
 35
 35
 36
 25
 22
 23
 28
 26
 34
 34
 31
 33
 33
 34
 36
 39
 44
 44
 36
 34
 35
 31
 29
 36
 36
 32
 23
 23
 27
 42
 36
 39
 41
 35
 35
 38
 36
 49
 47
 34
 34
 34
 31
 31
 34
 41
 43
 30
 31
 31
 30
 31
 31
 42
 42
 31
 32
 32
 37
 37
 38
 43
 44
 32
 32
 29
 32
 33
 28
 38
 34
 28
 28
 29
 29
 29
 26
 35
 39
 30
 29
 30
 31
 29
 34
 36
 33
 29
 30
 29
 27
 28
 38
 36
 29
 28
 30
 32
 30
 51
 57
 57
 52
 55
 63
 63
 62
 34
 36
 37
 48
 46
 44
 42
 34
 37
 38
 38
 37
 38
 23
 25
 28
 33
 35
 29
 32
 33
 34
 32
 45
 47
 46
 41
 41
 42
 41
 43
 51
 51
 43
 43
 37
 38
 36
 43
 42
 41
 30
 32
 27
 39
 38
 39
 45
 37
 39
 40
 46
 50
 52
 39
 39
 40
 31
 30
 29
 43
 37
 34
 31
 35
 35
 34
 34
 48
 50
 37
 37
 38
 38
 35
 37
 45
 47
 33
 34
 35
 36
 35
 39
 48
 49
 38
 37
 35
 37
 41
 47
 45
 42
 41
 37
 37
 38
 37
 39
 51
 37
 39
 39
 34
 39
 42
 44
 47
 43
 31
 28
 26
 33
 35
 29
 31
 27
 22
 23
 35
 37
 37
 32
 33
 34
 31
 31
 42
 41
 30
 32
 37
 38
 35
 34
 41
 42
 32
 31
 32
 32
 24
 22
 31
 35
 31
 32
 34
 34
 35
 33
 54
 56
 47
 47
 40
 41
 45
 45
 45
 46
 27
 29
 30
 36
 42
 43
 43
 36
 34
 37
 39
 38
 47
 43
 34
 33
 35
 37
 36
 31
 40
 40
 31
 30
 32
 32
 44
 37
 36
 40
 36
 37
 39
 38
 41
 39
 26
 25
 24
 22
 30
 32
 30
 36
 38
 39
 36
 36
 49
 46
 38
 39
 40
 37
 30
 33
 45
 47
 36
 35
 39
 33
 33
 35
 44
 42
 32
 36
 34
 32
 33
 34
 32
 32
 22
 30
 32
 28
 28
 29
 28
 26
 36
 36
 35
 37
 35
 36
 36
 36
 45
 44
 34
 37
 36
 32
 36
 34
 35
 39
 30
 29
 31
 33
 32
 29
 25
 26
 30
 28
 28
 30
 37
 34
 33
 32
 35
 37
 31
 31
 39
 38
 30
 28
 26
 39
 38
 34
 37
 39
 35
 37
 33
 37
 40
 28
 26
 29
 27
 38
 34
 30
 33
 33
 32
 34
 33
 40
 41
 32
 30
 33
 35
 36
 31
 37
 38
 29
 27
 31
 34
 30
 30
 29
 44
 38
 38
 36
 37
 41
 37
 39
 50
 48
 35
 37
 35
 37
 36
 30
 42
 43
 30
 30
 31
 34
 36
 35
 46
 44
 36
 41
 42
 40
 41
 37
 39
 41
 32
 34
 41
 36
 32
 35
 36
 38
 38
 37
 47
 47
 33
 35
 40
 37
 35
 45
 42
 42
 32
 33
 33
 33
 35
 34
 38
 28
 28
 36
 36
 33
 31
 33
 31
 31
 31
 40
 40
 31
 32
 33
 32
 31
 27
 41
 39
 32
 34
 35
 35
 33
 31
 44
 46
 34
 30
 33
 35
 35
 39
 35
 39
 27
 26
 31
 34
 31
 31
 34
 28
 32
 39
 40
 39
 38
 40
 40
 38
 34
 43
 42
 34
 35
 39
 37
 38
 37
 49
 48
 37
 34
 36
 38
 32
 35
 32
 35
 24
 26
 27
 30
 32
 29
 30
 26
 25
 28
 38
 36
 34
 34
 30
 33
 35
 39
 41
 40
 28
 28
 28
 30
 38
 36
 33
 29
 28
 29
 31
 48
 49
 48
 36
 37
 38
 40
 36
 59
 61
 40
 43
 42
 45
 41
 43
 51
 52
 29
 30
 32
 31
 31
 39
 41
 39
 31
 34
 37
 40
 39
 38
 38
 25
 24
 27
 30
 32
 38
 33
 33
 32
 33
 32
 33
 32
 35
 29
 24
 23
 23
 24
 25
 29
 28
 27
 25
 23
 27
 25
 27
 39
 40
 34
 35
 37
 33
 34
 33
 46
 48
 33
 34
 32
 34
 35
 34
 43
 46
 32
 31
 35
 35
 36
 36
 44
 40
 34
 35
 37
 33
 34
 35
 50
 45
 36
 39
 38
 39
 41
 42
 53
 52
 40
 40
 39
 39
 38
 37
 46
 47
 36
 35
 32
 33
 35
 48
 51
 52
 45
 43
 47
 47
 47
 58
 56
 38
 39
 32
 37
 39
 37
 46
 50
 39
 39
 40
 41
 38
 36
 45
 47
 35
 36
 34
 35
 36
 36
 41
 33
 28
 29
 36
 32
 33
 33
 33
 32
 28
 32
 36
 37
 27
 28
 28
 28
 29
 31
 39
 36
 28
 27
 27
 30
 32
 36
 35
 33
 24
 25
 26
 28
 29
 37
 34
 30
 30
 32
 33
 35
 34
 106
 107
 99
 100
 99
 101
 101
 105
 104
 105
 28
 29
 26
 28
 32
 33
 29
 29
 31
 30
 37
 37
 35
 36
 33
 34
 33
 36
 35
 37
 28
 28
 26
 29
 24
 33
 34
 28
 27
 28
 35
 32
 32
 33
 32
 21
 22
 22
 25
 33
 29
 30
 34
 31
 35
 36
 41
 42
 41
 29
 30
 30
 29
 31
 26
 32
 28
 26
 28
 29
 27
 39
 37
 35
 34
 29
 29
 34
 45
 45
 46
 37
 37
 38
 37
 36
 47
 41
 34
 36
 35
 33
 33
 33
 38
 40
 31
 31
 30
 29
 32
 36
 37
 36
 26
 30
 23
 37
 36
 42
 39
 34
 34
 36
 42
 49
 51
 38
 39
 30
 33
 33
 36
 45
 42
 30
 29
 33
 36
 38
 34
 45
 40
 33
 33
 34
 36
 33
 30
 40
 40
 30
 34
 36
 37
 34
 40
 36
 36
 31
 30
 30
 26
 37
 34
 34
 36
 36
 37
 36
 39
 39
 47
 34
 37
 38
 34
 32
 35
 33
 40
 42
 30
 31
 29
 31
 31
 33
 36
 39
 35
 36
 37
 34
 35
 44
 43
 42
 35
 36
 34
 34
 35
 36
 37
 31
 32
 30
 38
 34
 27
 28
 26
 32
 29
 40
 41
 41
 31
 34
 34
 36
 41
 34
 33
 30
 29
 30
 32
 29
 35
 30
 26
 25
 26
 26
 35
 37
 36
 36
 32
 34
 32
 32
 41
 37
 32
 33
 30
 34
 30
 36
 43
 44
 39
 39
 40
 40
 41
 37
 43
 36
 32
 33
 28
 30
 31
 35
 32
 34
 33
 33
 31
 32
 32
 31
 33
 26
 27
 28
 25
 35
 31
 29
 30
 30
 28
 37
 36
 32
 32
 29
 30
 31
 31
 43
 42
 32
 33
 37
 39
 36
 45
 45
 46
 34
 33
 35
 35
 31
 47
 40
 34
 31
 33
 35
 34
 37
 46
 48
 32
 28
 28
 33
 32
 31
 41
 39
 30
 28
 28
 29
 32
 31
 32
 35
 23
 24
 22
 25
 30
 33
 30
 30
 48
 50
 50
 49
 74
 76
 65
 66
 71
 49
 48
 51
 61
 61
 37
 38
 43
 41
 40
 38
 50
 43
 38
 37
 38
 37
 29
 33
 40
 43
 30
 32
 26
 27
 34
 33
 43
 37
 32
 30
 32
 36
 35
 37
 50
 51
 40
 41
 41
 49
 46
 43
 50
 49
 40
 37
 38
 38
 40
 31
 48
 43
 37
 37
 30
 31
 31
 34
 49
 52
 36
 39
 37
 37
 36
 40
 54
 53
 38
 36
 35
 35
 40
 38
 51
 47
 33
 38
 37
 38
 37
 38
 48
 50
 42
 41
 40
 40
 42
 41
 53
 54
 34
 35
 34
 31
 35
 35
 44
 46
 34
 34
 36
 38
 35
 49
 47
 46
 34
 35
 39
 40
 37
 46
 49
 38
 39
 42
 44
 40
 37
 46
 48
 35
 37
 35
 36
 34
 32
 44
 44
 31
 30
 31
 29
 29
 31
 36
 36
 28
 31
 39
 38
 37
 37
 39
 39
 29
 31
 43
 40
 32
 33
 37
 39
 36
 34
 42
 45
 34
 34
 41
 41
 43
 43
 54
 54
 48
 49
 47
 48
 35
 35
 51
 43
 36
 37
 34
 35
 42
 42
 45
 47
 33
 33
 34
 37
 34
 36
 29
 30
 32
 38
 38
 38
 35
 35
 33
 34
 43
 45
 39
 33
 35
 34
 34
 36
 41
 40
 26
 29
 30
 36
 39
 39
 40
 39
 36
 34
 44
 40
 45
 36
 34
 34
 35
 35
 46
 46
 36
 36
 29
 33
 32
 29
 41
 44
 33
 32
 32
 39
 39
 38
 41
 46
 34
 34
 32
 29
 37
 34
 34
 34
 32
 27
 26
 25
 32
 33
 27
 32
 31
 37
 39
 35
 35
 38
 33
 33
 38
 30
 31
 24
 27
 30
 32
 38
 40
 39
 35
 36
 34
 36
 34
 43
 44
 36
 35
 37
 35
 38
 37
 36
 36
 24
 28
 30
 28
 36
 36
 33
 34
 33
 40
 45
 44
 34
 36
 31
 33
 37
 36
 36
 38
 31
 30
 34
 35
 36
 33
 33
 38
 38
 29
 28
 31
 42
 42
 43
 47
 46
 44
 40
 40
 49
 48
 37
 41
 41
 37
 37
 37
 46
 46
 37
 40
 40
 37
 37
 32
 42
 44
 36
 34
 39
 37
 35
 37
 45
 40
 34
 36
 36
 34
 40
 38
 39
 36
 30
 31
 35
 30
 31
 39
 34
 37
 38
 36
 43
 43
 36
 38
 37
 31
 30
 37
 37
 36
 30
 30
 31
 33
 31
 43
 46
 35
 36
 35
 37
 36
 38
 47
 45
 35
 35
 39
 36
 37
 36
 47
 46
 34
 35
 39
 39
 36
 37
 46
 47
 39
 39
 38
 38
 39
 39
 46
 48
 35
 40
 38
 34
 36
 42
 48
 51
 41
 39
 41
 39
 39
 40
 46
 34
 31
 31
 32
 34
 33
 39
 41
 39
 34
 38
 36
 34
 36
 37
 37
 26
 25
 26
 26
 23
 25
 27
 33
 30
 30
 31
 31
 33
 29
 31
 39
 34
 29
 30
 31
 29
 30
 28
 40
 38
 32
 35
 34
 37
 35
 36
 38
 38
 26
 27
 28
 31
 31
 30
 34
 32
 27
 28
 37
 39
 39
 27
 29
 32
 29
 29
 42
 41
 33
 31
 35
 34
 34
 36
 44
 45
 33
 39
 43
 42
 39
 39
 39
 35
 29
 32
 32
 35
 30
 29
 31
 33
 29
 30
 31
 45
 42
 34
 38
 36
 40
 41
 42
 46
 46
 34
 31
 34
 34
 34
 34
 35
 36
 33
 34
 36
 36
 34
 32
 33
 22
 22
 27
 24
 24
 22
 22
 22
 23
 21
 21
 25
 30
 31
 31
 29
 29
 32
 30
 33
 40
 34
 27
 31
 31
 31
 31
 29
 39
 37
 29
 30
 33
 28
 33
 36
 37
 39
 30
 28
 30
 35
 40
 42
 41
 39
 39
 37
 37
 39
 42
 35
 28
 27
 31
 29
 28
 30
 27
 29
 26
 22
 35
 37
 30
 33
 35
 35
 39
 39
 48
 49
 37
 37
 37
 35
 33
 35
 38
 41
 33
 31
 34
 36
 36
 35
 40
 39
 29
 27
 32
 32
 30
 42
 37
 37
 36
 35
 38
 39
 43
 43
 44
 33
 35
 34
 35
 34
 44
 44
 37
 38
 31
 32
 34
 35
 41
 43
 32
 32
 25
 26
 32
 32
 30
 33
 25
 28
 27
 29
 38
 38
 34
 38
 36
 34
 33
 34
 43
 43
 34
 36
 32
 27
 27
 42
 42
 40
 33
 32
 33
 33
 39
 40
 41
 25
 27
 25
 24
 25
 29
 28
 23
 25
 24
 24
 28
 29
 29
 29
 26
 28
 35
 35
 35
 35
 34
 34
 27
 27
 35
 37
 26
 27
 27
 27
 27
 26
 35
 36
 30
 30
 35
 36
 36
 40
 39
 36
 29
 31
 34
 36
 41
 43
 40
 30
 32
 31
 34
 38
 38
 35
 27
 25
 28
 36
 38
 36
 32
 30
 31
 31
 32
 43
 42
 35
 34
 34
 36
 39
 39
 41
 40
 28
 29
 25
 28
 40
 40
 37
 35
 36
 36
 33
 32
 43
 44
 31
 39
 42
 40
 41
 37
 44
 46
 34
 35
 31
 27
 35
 37
 33
 35
 29
 27
 26
 43
 44
 44
 32
 30
 34
 30
 33
 45
 48
 34
 35
 33
 36
 36
 36
 45
 42
 30
 29
 31
 32
 33
 33
 42
 42
 32
 30
 37
 36
 35
 47
 47
 41
 33
 37
 36
 39
 33
 40
 39
 28
 32
 29
 31
 29
 32
 29
 33
 24
 22
 23
 24
 34
 33
 32
 34
 38
 35
 35
 36
 36
 33
 27
 23
 26
 23
 27
 29
 30
 31
 33
 31
 37
 38
 36
 37
 27
 27
 30
 29
 28
 27
 23
 24
 25
 29
 30
 28
 31
 34
 34
 35
 32
 31
 33
 32
 32
 36
 31
 31
 25
 28
 33
 29
 30
 28
 35
 31
 31
 32
 33
 34
 33
 29
 32
 32
 27
 33
 35
 34
 34
 39
 36
 35
 35
 33
 32
 30
 31
 37
 38
 28
 30
 32
 31
 34
 32
 33
 31
 26
 26
 27
 26
 35
 36
 35
 36
 34
 35
 35
 32
 43
 45
 33
 33
 39
 36
 37
 37
 41
 34
 28
 26
 29
 30
 23
 24
 26
 29
 25
 31
 29
 28
 30
 31
 29
 29
 40
 38
 34
 35
 32
 34
 34
 54
 60
 64
 52
 54
 61
 60
 61
 68
 48
 47
 39
 41
 42
 47
 40
 38
 33
 27
 29
 31
 30
 41
 35
 28
 30
 35
 37
 40
 48
 47
 47
 33
 37
 36
 43
 42
 40
 40
 35
 35
 35
 46
 44
 44
 34
 35
 32
 30
 41
 42
 39
 29
 30
 31
 33
 36
 34
 34
 28
 31
 39
 40
 39
 38
 37
 36
 35
 46
 45
 40
 33
 32
 34
 32
 31
 33
 35
 25
 25
 36
 37
 35
 33
 40
 37
 39
 44
 43
 47
 38
 38
 39
 40
 35
 36
 42
 37
 40
 36
 34
 37
 38
 34
 37
 39
 32
 32
 27
 29
 29
 28
 33
 40
 37
 36
 35
 38
 35
 44
 45
 45
 35
 31
 30
 30
 42
 40
 45
 35
 36
 34
 38
 47
 48
 47
 35
 38
 32
 33
 35
 35
 34
 27
 27
 29
 38
 33
 31
 30
 30
 35
 31
 33
 32
 30
 33
 31
 37
 37
 40
 32
 31
 44
 45
 44
 36
 38
 28
 37
 39
 38
 41
 30
 35
 37
 38
 38
 37
 33
 33
 35
 36
 35
 31
 25
 25
 26
 29
 36
 35
 35
 38
 34
 37
 37
 42
 46
 41
 31
 37
 38
 37
 43
 43
 41
 38
 34
 39
 39
 36
 38
 34
 30
 30
 48
 46
 46
 42
 44
 38
 37
 47
 48
 46
 32
 33
 36
 34
 48
 48
 45
 37
 37
 42
 37
 51
 51
 50
 38
 42
 42
 44
 53
 51
 48
 39
 38
 38
 38
 47
 49
 42
 37
 40
 44
 43
 50
 50
 50
 35
 35
 36
 35
 41
 34
 34
 31
 33
 35
 32
 33
 34
 45
 34
 33
 32
 35
 40
 38
 50
 47
 46
 38
 39
 38
 44
 43
 35
 34
 29
 31
 42
 40
 34
 34
 32
 34
 31
 41
 43
 42
 32
 33
 33
 33
 39
 38
 40
 32
 31
 33
 34
 44
 42
 42
 32
 34
 32
 31
 35
 35
 27
 23
 22
 37
 39
 35
 37
 39
 40
 40
 49
 50
 48
 35
 38
 33
 36
 44
 44
 40
 35
 36
 36
 35
 42
 42
 43
 34
 35
 38
 37
 46
 42
 43
 38
 39
 32
 33
 44
 36
 36
 28
 27
 30
 32
 41
 42
 41
 30
 37
 35
 37
 46
 47
 47
 34
 39
 39
 42
 44
 46
 45
 34
 34
 36
 46
 37
 38
 36
 33
 32
 30
 40
 38
 39
 25
 36
 37
 41
 38
 39
 42
 33
 35
 37
 39
 28
 26
 37
 34
 34
 37
 37
 40
 36
 46
 46
 46
 33
 35
 37
 32
 41
 39
 37
 29
 28
 39
 42
 46
 43
 44
 37
 35
 43
 40
 41
 30
 28
 21
 30
 32
 31
 34
 25
 30
 29
 31
 35
 34
 25
 25
 36
 34
 34
 37
 35
 36
 30
 33
 33
 33
 22
 23
 33
 32
 35
 35
 37
 33
 35
 45
 46
 43
 33
 34
 33
 33
 39
 40
 39
 30
 30
 33
 34
 42
 41
 38
 33
 33
 32
 32
 47
 45
 40
 36
 37
 37
 36
 46
 44
 44
 32
 30
 30
 30
 41
 41
 38
 28
 30
 31
 35
 35
 38
 48
 35
 41
 39
 40
 38
 41
 35
 44
 44
 34
 36
 33
 34
 36
 47
 45
 39
 35
 38
 38
 36
 31
 47
 46
 37
 40
 41
 41
 35
 36
 48
 50
 33
 33
 35
 34
 32
 30
 40
 41
 30
 32
 31
 31
 31
 31
 37
 41
 31
 38
 40
 37
 35
 37
 43
 43
 35
 41
 43
 33
 32
 37
 40
 39
 35
 44
 44
 33
 32
 34
 34
 34
 32
 27
 29
 25
 33
 33
 34
 32
 33
 37
 33
 34
 36
 37
 28
 32
 32
 38
 39
 30
 31
 33
 31
 32
 27
 34
 37
 30
 31
 34
 35
 38
 38
 35
 37
 29
 25
 38
 39
 35
 37
 30
 32
 33
 31
 44
 47
 34
 31
 35
 36
 39
 36
 42
 43
 29
 34
 31
 32
 35
 38
 40
 41
 37
 36
 37
 32
 38
 39
 31
 32
 28
 27
 38
 40
 40
 38
 30
 31
 42
 42
 32
 34
 31
 28
 30
 33
 38
 35
 26
 25
 23
 25
 35
 35
 32
 29
 29
 29
 25
 28
 42
 43
 36
 36
 35
 37
 35
 37
 48
 46
 32
 37
 32
 36
 38
 47
 50
 52
 40
 41
 40
 44
 46
 42
 37
 30
 38
 34
 33
 33
 32
 26
 25
 26
 33
 30
 36
 36
 35
 37
 35
 40
 39
 39
 46
 49
 39
 40
 40
 39
 38
 36
 41
 43
 35
 36
 32
 29
 31
 40
 42
 36
 31
 32
 28
 30
 31
 35
 29
 22
 23
 23
 24
 24
 34
 31
 34
 29
 32
 30
 33
 44
 44
 42
 32
 32
 29
 29
 30
 40
 41
 31
 30
 37
 38
 37
 35
 45
 41
 33
 37
 34
 34
 32
 26
 42
 44
 36
 35
 36
 36
 30
 34
 43
 44
 31
 31
 32
 31
 31
 28
 40
 37
 28
 30
 31
 31
 33
 30
 32
 34
 23
 27
 28
 27
 33
 35
 33
 34
 34
 39
 42
 32
 33
 34
 29
 31
 29
 32
 40
 28
 27
 31
 31
 31
 34
 35
 36
 33
 27
 26
 29
 27
 26
 28
 29
 25
 25
 26
 26
 35
 34
 33
 36
 37
 35
 42
 45
 42
 41
 33
 33
 33
 36
 36
 37
 27
 25
 37
 35
 37
 39
 37
 33
 31
 33
 39
 40
 29
 32
 32
 27
 28
 32
 41
 43
 34
 33
 35
 37
 38
 37
 44
 44
 31
 33
 31
 32
 35
 32
 26
 27
 23
 25
 27
 35
 35
 33
 33
 34
 33
 33
 34
 37
 36
 29
 31
 31
 30
 25
 30
 34
 35
 29
 25
 37
 36
 43
 39
 40
 39
 34
 35
 46
 47
 35
 36
 38
 39
 42
 49
 50
 48
 41
 43
 40
 39
 32
 38
 40
 32
 33
 29
 31
 38
 37
 37
 33
 27
 30
 30
 26
 30
 26
 23
 26
 26
 26
 28
 33
 34
 33
 32
 31
 33
 31
 40
 41
 36
 30
 30
 31
 28
 31
 28
 30
 21
 19
 19
 25
 37
 34
 34
 32
 34
 33
 31
 46
 48
 38
 32
 34
 34
 35
 32
 41
 44
 36
 34
 35
 37
 35
 35
 54
 50
 45
 49
 56
 57
 56
 55
 41
 41
 40
 42
 50
 45
 34
 34
 36
 45
 37
 33
 32
 34
 28
 28
 29
 41
 40
 30
 32
 38
 38
 38
 36
 36
 38
 25
 28
 31
 40
 36
 33
 35
 35
 32
 35
 48
 46
 50
 36
 38
 41
 43
 42
 49
 47
 36
 36
 28
 29
 31
 31
 27
 28
 23
 26
 29
 29
 28
 44
 45
 41
 40
 41
 41
 42
 39
 49
 51
 34
 33
 30
 33
 33
 31
 46
 42
 35
 39
 37
 40
 40
 37
 50
 51
 38
 39
 38
 35
 37
 35
 46
 45
 30
 30
 31
 31
 35
 40
 39
 38
 27
 27
 28
 26
 31
 28
 28
 24
 20
 21
 33
 33
 30
 30
 28
 29
 31
 38
 36
 37
 27
 27
 26
 26
 28
 30
 38
 30
 29
 32
 32
 32
 34
 34
 46
 43
 33
 32
 33
 33
 29
 31
 41
 43
 35
 35
 35
 35
 36
 34
 42
 39
 30
 31
 22
 27
 30
 32
 42
 44
 33
 33
 34
 33
 39
 35
 44
 46
 38
 36
 38
 39
 40
 42
 47
 49
 36
 35
 31
 28
 27
 45
 48
 47
 35
 36
 37
 40
 37
 42
 42
 25
 25
 26
 22
 30
 28
 26
 35
 33
 38
 37
 38
 36
 40
 35
 45
 44
 33
 41
 34
 35
 36
 38
 39
 35
 28
 28
 31
 24
 34
 34
 34
 35
 31
 32
 41
 42
 41
 42
 44
 43
 45
 44
 52
 52
 43
 41
 45
 39
 35
 41
 43
 43
 34
 34
 36
 36
 34
 42
 37
 30
 31
 31
 32
 31
 31
 41
 42
 30
 37
 37
 34
 34
 33
 42
 36
 31
 31
 34
 26
 29
 33
 36
 32
 29
 28
 26
 41
 38
 38
 38
 39
 35
 36
 40
 49
 51
 35
 37
 43
 39
 39
 37
 45
 38
 32
 31
 41
 42
 35
 36
 34
 37
 29
 30
 43
 41
 32
 33
 35
 43
 44
 46
 47
 46
 33
 36
 37
 48
 50
 39
 39
 34
 35
 36
 36
 43
 44
 28
 31
 33
 36
 35
 37
 46
 48
 37
 37
 40
 41
 38
 40
 46
 44
 37
 35
 38
 36
 36
 46
 44
 38
 33
 35
 33
 34
 34
 45
 45
 39
 37
 40
 37
 33
 34
 44
 44
 34
 35
 31
 33
 32
 47
 47
 49
 41
 43
 40
 44
 47
 47
 49
 36
 34
 36
 36
 32
 34
 43
 42
 37
 35
 37
 38
 36
 34
 47
 47
 33
 32
 32
 34
 35
 37
 46
 49
 42
 39
 39
 42
 42
 40
 54
 54
 40
 42
 37
 38
 40
 41
 45
 47
 32
 37
 36
 33
 34
 35
 36
 37
 28
 27
 41
 37
 43
 44
 43
 42
 36
 40
 41
 42
 29
 33
 25
 27
 32
 33
 35
 35
 32
 32
 34
 30
 41
 42
 31
 31
 32
 30
 31
 29
 40
 40
 30
 32
 33
 33
 33
 32
 44
 46
 34
 34
 35
 34
 33
 33
 33
 35
 24
 25
 22
 32
 29
 29
 30
 31
 28
 40
 37
 37
 34
 29
 31
 32
 30
 41
 42
 31
 33
 35
 36
 36
 34
 42
 40
 29
 30
 33
 36
 34
 41
 43
 42
 33
 32
 38
 37
 46
 40
 40
 36
 39
 38
 35
 36
 34
 36
 26
 26
 27
 36
 32
 29
 30
 31
 33
 32
 31
 43
 41
 33
 34
 33
 32
 31
 33
 45
 44
 32
 31
 32
 31
 34
 33
 45
 46
 34
 36
 40
 38
 39
 39
 46
 47
 33
 34
 36
 35
 30
 37
 42
 43
 33
 33
 33
 35
 30
 31
 42
 36
 30
 30
 33
 31
 32
 36
 46
 45
 33
 35
 36
 33
 31
 35
 44
 39
 33
 33
 33
 35
 34
 36
 45
 44
 33
 31
 36
 35
 44
 42
 40
 41
 29
 27
 29
 32
 40
 37
 31
 31
 35
 33
 32
 34
 45
 41
 30
 32
 33
 33
 37
 35
 39
 37
 26
 26
 28
 28
 34
 35
 31
 32
 29
 32
 31
 43
 46
 47
 35
 35
 33
 35
 37
 41
 43
 31
 33
 31
 31
 32
 36
 41
 43
 39
 37
 36
 33
 34
 43
 45
 38
 34
 32
 27
 27
 28
 39
 37
 27
 28
 33
 31
 32
 32
 39
 41
 29
 29
 32
 30
 27
 33
 34
 35
 27
 28
 31
 30
 29
 29
 30
 24
 23
 23
 24
 31
 28
 29
 31
 31
 29
 31
 33
 40
 41
 30
 30
 29
 30
 31
 37
 42
 37
 31
 30
 28
 28
 33
 35
 43
 36
 31
 32
 31
 31
 32
 34
 40
 36
 29
 31
 30
 31
 29
 29
 37
 34
 27
 28
 28
 27
 42
 37
 37
 38
 36
 38
 41
 37
 47
 48
 35
 34
 34
 37
 38
 35
 33
 35
 35
 34
 35
 33
 44
 38
 38
 40
 35
 33
 33
 33
 42
 44
 32
 33
 34
 35
 35
 36
 37
 38
 30
 32
 35
 31
 32
 38
 38
 36
 28
 30
 29
 28
 31
 32
 34
 27
 26
 27
 27
 33
 36
 36
 31
 31
 32
 32
 33
 31
 32
 27
 25
 26
 23
 23
 31
 31
 29
 29
 28
 32
 29
 31
 43
 44
 35
 35
 36
 39
 37
 34
 43
 44
 32
 34
 33
 34
 39
 35
 41
 35
 29
 31
 35
 32
 35
 41
 32
 34
 30
 33
 36
 31
 38
 39
 38
 33
 35
 36
 32
 36
 45
 48
 36
 38
 37
 39
 37
 38
 51
 50
 38
 36
 42
 41
 41
 43
 53
 50
 37
 35
 38
 37
 34
 32
 42
 37
 31
 26
 28
 30
 29
 30
 38
 42
 34
 33
 33
 36
 36
 36
 39
 37
 27
 27
 23
 24
 34
 35
 33
 33
 31
 32
 30
 29
 37
 35
 25
 27
 35
 36
 33
 34
 34
 34
 29
 33
 41
 36
 27
 28
 30
 29
 34
 33
 43
 40
 33
 32
 36
 36
 33
 44
 34
 34
 30
 29
 32
 32
 27
 38
 38
 28
 30
 30
 31
 33
 30
 41
 43
 33
 38
 37
 36
 35
 36
 44
 45
 35
 36
 38
 32
 32
 38
 39
 41
 31
 31
 33
 33
 30
 42
 44
 34
 32
 32
 31
 31
 30
 41
 43
 32
 32
 32
 33
 36
 35
 43
 45
 30
 30
 57
 57
 66
 69
 66
 65
 56
 55
 1044
 1044
 1048
 1042
 1044
 1045
 1044
 1043
 1047
 1046
 33
 32
 36
 32
 30
 38
 38
 38
 35
 38
 39
 41
 36
 48
 50
 35
 33
 35
 34
 37
 35
 44
 46
 32
 32
 33
 36
 36
 37
 42
 44
 34
 34
 35
 36
 35
 33
 47
 42
 36
 36
 40
 37
 40
 40
 47
 51
 36
 39
 41
 38
 32
 33
 44
 41
 35
 34
 39
 38
 34
 33
 37
 35
 27
 25
 24
 26
 29
 31
 36
 36
 35
 32
 34
 37
 45
 47
 42
 42
 35
 34
 38
 45
 47
 40
 36
 35
 31
 33
 41
 42
 39
 34
 34
 36
 30
 35
 42
 43
 32
 33
 35
 35
 34
 34
 44
 42
 30
 32
 35
 35
 34
 31
 42
 37
 27
 28
 32
 32
 29
 26
 32
 34
 25
 23
 25
 21
 31
 33
 29
 32
 28
 28
 29
 32
 46
 44
 36
 38
 37
 39
 39
 40
 66
 64
 48
 49
 48
 48
 50
 46
 55
 57
 31
 29
 33
 38
 37
 39
 39
 42
 29
 26
 29
 29
 34
 32
 32
 26
 32
 35
 38
 38
 36
 38
 33
 32
 33
 30
 30
 35
 29
 29
 32
 31
 30
 30
 35
 42
 41
 33
 34
 36
 36
 38
 41
 49
 46
 37
 38
 40
 40
 38
 37
 43
 40
 34
 33
 36
 38
 40
 37
 46
 46
 38
 40
 40
 39
 37
 40
 40
 40
 32
 34
 35
 33
 30
 31
 84
 79
 69
 70
 77
 76
 79
 79
 89
 89
 38
 40
 43
 42
 37
 39
 42
 45
 35
 36
 38
 33
 35
 34
 40
 40
 29
 28
 32
 37
 36
 36
 33
 44
 38
 36
 34
 36
 34
 31
 26
 31
 31
 22
 23
 26
 31
 28
 28
 29
 34
 28
 27
 26
 29
 33
 25
 25
 27
 34
 30
 31
 35
 38
 40
 37
 37
 44
 46
 35
 36
 30
 31
 29
 27
 31
 27
 21
 22
 21
 22
 49
 45
 45
 46
 51
 50
 53
 51
 61
 63
 35
 36
 36
 38
 32
 31
 40
 42
 31
 29
 28
 29
 30
 29
 42
 44
 34
 35
 38
 36
 37
 34
 45
 48
 32
 30
 35
 32
 35
 36
 47
 48
 33
 32
 35
 36
 36
 35
 37
 36
 26
 25
 27
 28
 26
 36
 35
 35
 30
 33
 36
 34
 34
 45
 41
 34
 33
 31
 29
 30
 34
 33
 35
 24
 25
 24
 24
 29
 28
 29
 36
 35
 31
 34
 33
 34
 35
 28
 38
 41
 32
 31
 33
 32
 33
 37
 35
 37
 28
 28
 24
 30
 32
 30
 28
 24
 26
 25
 27
 26
 41
 30
 31
 32
 34
 36
 39
 38
 45
 47
 32
 32
 35
 31
 30
 33
 28
 29
 26
 24
 33
 33
 31
 32
 32
 31
 30
 32
 43
 45
 36
 38
 36
 36
 36
 37
 46
 47
 34
 35
 34
 33
 34
 31
 41
 43
 31
 32
 31
 29
 33
 31
 42
 45
 32
 31
 32
 33
 33
 33
 42
 42
 30
 29
 31
 33
 32
 32
 40
 41
 32
 31
 32
 35
 35
 31
 31
 31
 24
 24
 24
 34
 35
 33
 29
 31
 30
 31
 30
 38
 38
 34
 34
 33
 35
 35
 31
 32
 33
 28
 26
 23
 23
 34
 35
 35
 35
 30
 32
 28
 32
 41
 42
 31
 33
 32
 34
 32
 32
 46
 44
 31
 32
 39
 36
 38
 39
 47
 46
 37
 39
 38
 39
 31
 33
 46
 48
 40
 39
 40
 41
 41
 47
 51
 49
 34
 33
 32
 33
 30
 27
 29
 23
 19
 19
 20
 29
 33
 28
 30
 30
 38
 40
 39
 38
 37
 33
 27
 34
 42
 42
 33
 33
 34
 36
 43
 42
 41
 32
 27
 26
 28
 30
 32
 28
 22
 21
 22
 23
 23
 31
 31
 27
 28
 27
 26
 28
 29
 29
 30
 22
 19
 22
 21
 30
 33
 30
 32
 32
 31
 32
 36
 43
 42
 32
 33
 25
 27
 26
 28
 34
 35
 26
 31
 32
 35
 39
 36
 38
 46
 39
 41
 39
 37
 37
 33
 28
 32
 29
 23
 27
 26
 38
 36
 33
 35
 38
 34
 37
 37
 43
 44
 29
 31
 30
 29
 25
 28
 207
 209
 202
 199
 203
 205
 204
 206
 215
 215
 31
 33
 33
 35
 33
 30
 47
 42
 42
 40
 41
 40
 38
 41
 49
 51
 34
 37
 31
 32
 33
 33
 47
 46
 37
 37
 37
 37
 37
 38
 45
 44
 31
 31
 32
 31
 36
 35
 46
 45
 34
 34
 37
 37
 38
 37
 42
 44
 33
 31
 34
 32
 32
 29
 35
 35
 24
 21
 25
 28
 27
 29
 26
 27
 26
 21
 22
 29
 28
 28
 24
 26
 36
 36
 30
 31
 31
 29
 25
 28
 37
 39
 28
 27
 32
 30
 33
 30
 43
 41
 33
 34
 36
 40
 39
 40
 48
 50
 36
 36
 32
 35
 37
 34
 35
 39
 26
 28
 29
 38
 41
 40
 37
 32
 35
 33
 34
 33
 34
 23
 26
 38
 38
 36
 34
 36
 36
 38
 36
 49
 48
 33
 36
 36
 35
 35
 41
 45
 43
 31
 31
 32
 30
 30
 30
 40
 35
 28
 33
 36
 35
 35
 35
 45
 46
 32
 33
 34
 31
 31
 35
 43
 45
 30
 36
 38
 38
 37
 47
 47
 49
 36
 36
 37
 33
 31
 40
 42
 37
 37
 34
 38
 40
 41
 41
 41
 40
 40
 33
 32
 34
 32
 29
 29
 26
 25
 31
 33
 33
 33
 34
 35
 38
 41
 55
 53
 44
 49
 49
 50
 47
 46
 50
 51
 36
 37
 36
 27
 28
 28
 47
 48
 40
 43
 44
 43
 44
 42
 51
 52
 35
 35
 33
 31
 32
 30
 38
 34
 27
 25
 27
 29
 29
 28
 36
 36
 34
 35
 34
 36
 35
 39
 37
 38
 28
 28
 23
 24
 24
 25
 26
 23
 28
 25
 26
 28
 39
 39
 38
 37
 40
 43
 38
 42
 46
 47
 33
 34
 34
 35
 37
 32
 43
 42
 35
 37
 35
 37
 36
 34
 26
 32
 25
 28
 37
 34
 34
 34
 34
 35
 30
 35
 35
 33
 24
 26
 28
 37
 37
 37
 39
 57
 57
 59
 62
 76
 79
 67
 69
 69
 36
 35
 33
 48
 51
 34
 33
 34
 33
 33
 32
 41
 44
 35
 33
 35
 32
 31
 35
 45
 47
 35
 38
 32
 32
 35
 37
 50
 48
 37
 38
 42
 40
 41
 41
 57
 58
 43
 41
 43
 44
 39
 41
 50
 52
 36
 43
 37
 40
 40
 41
 49
 50
 35
 37
 40
 31
 34
 33
 38
 42
 29
 29
 30
 30
 35
 37
 35
 37
 31
 31
 36
 37
 44
 38
 30
 33
 33
 30
 32
 34
 35
 36
 30
 35
 37
 37
 36
 40
 47
 45
 33
 33
 37
 31
 34
 31
 46
 47
 41
 37
 40
 43
 44
 42
 45
 47
 32
 35
 27
 33
 37
 35
 29
 30
 26
 32
 31
 29
 40
 30
 31
 32
 35
 39
 39
 36
 46
 47
 35
 36
 38
 39
 33
 42
 43
 38
 31
 31
 33
 37
 31
 40
 43
 33
 35
 28
 29
 31
 29
 31
 33
 28
 25
 29
 28
 29
 29
 33
 35
 25
 25
 29
 31
 26
 46
 46
 45
 40
 44
 44
 46
 42
 49
 51
 31
 33
 36
 39
 34
 33
 36
 32
 29
 28
 26
 28
 28
 25
 25
 32
 39
 40
 34
 37
 36
 39
 32
 34
 45
 38
 32
 34
 31
 29
 30
 39
 41
 40
 32
 30
 34
 31
 30
 32
 33
 26
 27
 27
 28
 37
 34
 35
 34
 35
 38
 30
 34
 44
 40
 31
 31
 34
 36
 33
 29
 43
 39
 32
 32
 34
 38
 36
 36
 43
 45
 33
 33
 36
 34
 34
 35
 42
 42
 30
 31
 31
 33
 29
 31
 40
 40
 33
 33
 33
 34
 33
 40
 41
 40
 32
 31
 25
 27
 43
 44
 45
 36
 37
 39
 34
 36
 50
 51
 34
 35
 39
 39
 39
 39
 48
 49
 33
 34
 36
 35
 34
 29
 30
 33
 26
 25
 25
 33
 32
 31
 29
 32
 29
 39
 39
 34
 36
 32
 31
 33
 35
 43
 43
 31
 32
 40
 41
 38
 43
 42
 36
 32
 33
 34
 33
 33
 34
 33
 30
 29
 34
 34
 34
 40
 41
 36
 34
 35
 35
 37
 32
 33
 31
 25
 26
 26
 27
 38
 37
 37
 38
 36
 39
 45
 46
 36
 35
 33
 31
 31
 32
 39
 37
 27
 28
 29
 34
 35
 34
 33
 33
 31
 30
 31
 40
 40
 33
 33
 34
 32
 37
 36
 35
 36
 26
 27
 23
 35
 35
 35
 32
 29
 33
 35
 34
 43
 44
 31
 29
 31
 30
 33
 30
 43
 45
 34
 35
 37
 38
 32
 35
 45
 47
 33
 31
 32
 34
 33
 32
 41
 39
 29
 34
 36
 35
 34
 32
 44
 43
 30
 33
 35
 32
 30
 31
 41
 43
 33
 32
 33
 30
 31
 30
 40
 42
 29
 35
 33
 35
 35
 36
 46
 47
 38
 40
 39
 34
 33
 35
 34
 37
 26
 24
 22
 31
 33
 31
 31
 32
 34
 33
 32
 41
 40
 27
 26
 27
 27
 27
 27
 33
 35
 33
 33
 35
 33
 40
 31
 32
 32
 30
 33
 36
 37
 36
 36
 31
 31
 32
 36
 44
 44
 40
 40
 42
 43
 37
 40
 56
 48
 48
 46
 40
 41
 40
 40
 54
 56
 38
 42
 34
 35
 39
 42
 52
 48
 35
 32
 35
 32
 32
 32
 48
 42
 35
 39
 41
 41
 41
 44
 46
 51
 27
 28
 40
 41
 33
 35
 34
 36
 35
 36
 37
 41
 36
 36
 36
 36
 37
 39
 34
 30
 29
 28
 26
 34
 35
 37
 38
 33
 32
 31
 32
 41
 43
 32
 34
 28
 27
 28
 34
 44
 47
 34
 33
 40
 37
 34
 35
 45
 37
 33
 40
 37
 34
 32
 41
 44
 43
 37
 36
 35
 32
 30
 44
 46
 38
 36
 38
 36
 36
 37
 43
 44
 30
 30
 31
 32
 33
 29
 35
 32
 25
 26
 27
 25
 25
 32
 31
 30
 27
 27
 33
 31
 34
 40
 42
 32
 30
 31
 34
 34
 32
 42
 39
 30
 33
 35
 35
 34
 32
 48
 49
 40
 39
 41
 38
 37
 41
 48
 47
 32
 32
 31
 35
 34
 33
 46
 41
 36
 37
 40
 36
 39
 37
 46
 46
 36
 34
 36
 36
 34
 36
 43
 43
 33
 35
 30
 32
 30
 26
 35
 37
 29
 28
 28
 27
 27
 28
 27
 28
 19
 19
 20
 22
 30
 28
 28
 29
 28
 29
 31
 28
 33
 27
 22
 31
 32
 30
 31
 34
 32
 35
 34
 43
 42
 33
 32
 29
 32
 32
 37
 40
 37
 29
 31
 36
 34
 36
 36
 46
 41
 34
 38
 38
 37
 35
 35
 42
 41
 30
 28
 31
 31
 40
 42
 40
 39
 35
 35
 39
 40
 41
 34
 27
 26
 26
 30
 37
 38
 33
 32
 32
 32
 35
 38
 43
 40
 33
 36
 32
 35
 43
 45
 47
 44
 38
 40
 40
 37
 46
 40
 35
 33
 32
 33
 31
 28
 31
 27
 21
 22
 22
 27
 33
 34
 34
 35
 34
 36
 33
 34
 46
 43
 32
 34
 34
 34
 33
 30
 40
 42
 31
 32
 34
 31
 30
 33
 43
 38
 31
 32
 36
 38
 31
 32
 43
 41
 31
 32
 31
 32
 30
 29
 32
 29
 21
 21
 32
 30
 30
 31
 30
 31
 31
 33
 41
 37
 29
 30
 36
 35
 34
 35
 41
 40
 32
 32
 33
 33
 31
 34
 32
 33
 27
 26
 27
 27
 25
 28
 27
 26
 32
 33
 31
 31
 31
 29
 31
 33
 38
 35
 29
 31
 43
 42
 42
 40
 39
 36
 32
 35
 40
 37
 27
 27
 31
 29
 31
 31
 44
 41
 36
 34
 34
 33
 39
 39
 35
 36
 24
 27
 29
 29
 29
 38
 30
 31
 31
 32
 34
 33
 31
 38
 36
 28
 29
 30
 27
 34
 32
 35
 31
 25
 26
 26
 24
 26
 35
 30
 30
 30
 32
 34
 34
 33
 45
 39
 33
 32
 32
 34
 36
 35
 44
 46
 34
 33
 34
 34
 31
 32
 42
 39
 32
 31
 31
 33
 32
 32
 42
 38
 31
 33
 34
 32
 29
 37
 38
 38
 26
 25
 28
 30
 25
 31
 33
 32
 32
 31
 33
 42
 39
 37
 39
 35
 35
 30
 29
 56
 57
 51
 49
 52
 60
 64
 67
 37
 37
 38
 41
 36
 44
 42
 31
 30
 27
 28
 27
 41
 39
 41
 34
 36
 36
 36
 34
 44
 44
 31
 31
 35
 35
 46
 44
 50
 51
 42
 43
 45
 57
 45
 49
 44
 34
 34
 37
 37
 39
 37
 25
 28
 22
 24
 35
 35
 30
 32
 33
 32
 33
 30
 41
 42
 30
 30
 33
 33
 35
 32
 46
 43
 35
 36
 40
 39
 39
 38
 47
 48
 34
 39
 39
 37
 35
 35
 39
 35
 27
 27
 28
 26
 25
 32
 36
 36
 32
 36
 38
 33
 34
 40
 44
 36
 31
 41
 40
 36
 36
 41
 42
 37
 46
 43
 44
 38
 38
 38
 36
 37
 40
 43
 35
 37
 36
 32
 37
 39
 40
 38
 39
 30
 26
 38
 40
 39
 33
 34
 35
 34
 45
 47
 48
 38
 41
 42
 40
 43
 45
 46
 31
 32
 36
 45
 41
 40
 36
 30
 34
 30
 47
 47
 40
 36
 34
 35
 35
 50
 45
 47
 33
 33
 42
 38
 45
 49
 47
 33
 36
 36
 45
 44
 35
 38
 34
 34
 36
 42
 41
 41
 30
 32
 30
 33
 40
 38
 37
 31
 31
 42
 45
 40
 42
 41
 31
 29
 41
 43
 44
 34
 38
 38
 40
 48
 49
 51
 39
 40
 49
 43
 40
 43
 38
 34
 46
 44
 44
 43
 38
 37
 38
 49
 51
 54
 39
 38
 39
 39
 42
 40
 40
 29
 28
 32
 29
 38
 40
 40
 35
 35
 37
 40
 51
 44
 43
 36
 34
 35
 35
 47
 48
 43
 35
 34
 38
 35
 50
 48
 51
 39
 42
 41
 40
 52
 48
 53
 37
 39
 38
 37
 40
 42
 48
 33
 39
 33
 34
 43
 44
 44
 39
 40
 35
 36
 40
 39
 38
 36
 47
 47
 48
 44
 43
 48
 44
 42
 45
 35
 27
 28
 22
 27
 31
 27
 23
 24
 22
 23
 24
 25
 27
 33
 31
 30
 33
 33
 34
 35
 43
 43
 43
 36
 35
 35
 44
 45
 48
 44
 38
 39
 39
 45
 46
 46
 38
 38
 26
 29
 29
 32
 31
 32
 31
 30
 30
 34
 35
 35
 36
 34
 36
 28
 31
 37
 37
 36
 33
 33
 41
 40
 37
 39
 38
 31
 36
 32
 34
 37
 28
 26
 27
 37
 33
 32
 28
 32
 38
 36
 42
 45
 52
 41
 41
 47
 48
 45
 37
 37
 33
 34
 31
 34
 35
 27
 27
 40
 35
 37
 35
 35
 32
 31
 41
 40
 42
 33
 33
 31
 44
 45
 52
 50
 40
 39
 38
 49
 51
 55
 42
 42
 33
 35
 41
 44
 44
 34
 32
 25
 26
 33
 33
 35
 28
 33
 34
 32
 32
 34
 32
 34
 34
 37
 31
 27
 27
 26
 31
 39
 42
 31
 35
 32
 32
 40
 42
 40
 38
 31
 28
 30
 37
 38
 41
 34
 35
 35
 33
 33
 37
 35
 29
 28
 43
 42
 34
 35
 38
 38
 36
 47
 46
 48
 33
 33
 33
 35
 43
 45
 45
 32
 33
 33
 38
 34
 36
 32
 25
 25
 25
 25
 33
 34
 29
 33
 31
 42
 41
 38
 40
 45
 32
 35
 45
 42
 42
 34
 32
 38
 37
 39
 39
 40
 34
 37
 37
 42
 42
 35
 33
 26
 26
 26
 25
 34
 34
 31
 33
 35
 37
 43
 43
 48
 43
 34
 33
 26
 35
 38
 36
 29
 37
 30
 27
 40
 42
 45
 39
 38
 38
 37
 25
 30
 31
 54
 57
 54
 54
 56
 60
 55
 64
 64
 58
 32
 33
 36
 34
 42
 36
 37
 32
 33
 32
 34
 43
 41
 41
 35
 33
 31
 42
 40
 41
 41
 30
 33
 39
 36
 39
 40
 29
 29
 38
 36
 37
 33
 29
 39
 39
 40
 35
 36
 39
 41
 45
 44
 44
 33
 33
 37
 33
 36
 27
 27
 18
 19
 24
 25
 26
 22
 22
 30
 31
 36
 38
 37
 32
 31
 33
 33
 35
 27
 35
 33
 29
 31
 36
 36
 35
 44
 44
 41
 34
 36
 35
 34
 38
 40
 38
 30
 34
 33
 34
 37
 42
 42
 30
 34
 31
 32
 29
 29
 39
 34
 33
 33
 35
 37
 41
 40
 42
 40
 31
 32
 24
 24
 36
 34
 29
 29
 32
 37
 35
 35
 38
 39
 27
 30
 29
 29
 33
 31
 27
 27
 27
 38
 38
 36
 37
 36
 29
 35
 54
 55
 55
 47
 49
 49
 46
 47
 48
 37
 31
 30
 36
 36
 36
 43
 43
 42
 41
 31
 32
 41
 35
 37
 40
 39
 38
 43
 41
 43
 39
 33
 44
 43
 36
 30
 31
 30
 37
 37
 36
 41
 28
 28
 31
 34
 43
 40
 34
 33
 36
 33
 36
 40
 39
 36
 34
 36
 29
 32
 35
 36
 40
 36
 37
 39
 34
 33
 38
 43
 41
 42
 35
 32
 34
 43
 38
 39
 35
 30
 40
 36
 36
 38
 36
 28
 33
 38
 38
 33
 25
 35
 38
 37
 37
 40
 37
 34
 30
 39
 40
 36
 38
 37
 42
 42
 41
 40
 42
 38
 38
 38
 29
 32
 35
 43
 43
 38
 34
 33
 40
 48
 49
 46
 36
 34
 33
 31
 34
 44
 37
 30
 33
 30
 34
 30
 31
 40
 39
 29
 32
 33
 29
 31
 30
 32
 36
 31
 33
 34
 34
 39
 41
 44
 44
 46
 41
 41
 39
 39
 33
 31
 32
 25
 25
 25
 21
 25
 25
 25
 26
 30
 29
 30
 31
 29
 33
 32
 39
 35
 40
 36
 38
 37
 35
 34
 33
 32
 28
 31
 36
 36
 33
 33
 34
 35
 33
 37
 31
 29
 29
 31
 30
 27
 25
 26
 34
 31
 32
 29
 30
 29
 29
 34
 36
 38
 28
 32
 32
 34
 29
 33
 34
 26
 34
 34
 36
 30
 30
 39
 42
 36
 35
 41
 41
 42
 40
 40
 38
 35
 44
 42
 42
 39
 31
 34
 41
 49
 49
 46
 39
 42
 49
 47
 50
 53
 46
 39
 41
 36
 36
 35
 34
 36
 29
 28
 29
 30
 33
 37
 39
 37
 37
 33
 32
 31
 28
 29
 30
 18
 15
 15
 16
 16
 12
 11
 10
 10
 10
 21
 19
 25
 25
 30
 31
 30
 32
 33
 36
 31
 33
 54
 57
 57
 56
 60
 66
 66
 64
 71
 48
 45
 33
 33
 33
 31
 22
 24
 27
 22
 27
 29
 30
 30
 30
 32
 33
 33
 50
 44
 36
 36
 35
 50
 50
 47
 47
 49
 49
 49
 50
 48
 50
 49
 50
 48
 50
 47
 36
 34
 35
 37
 43
 34
 32
 32
 36
 47
 38
 41
 39
 40
 36
 33
 43
 45
 42
 31
 32
 37
 47
 47
 43
 46
 36
 45
 47
 43
 47
 41
 33
 34
 33
 41
 44
 36
 36
 40
 46
 41
 41
 42
 42
 33
 39
 38
 36
 32
 26
 30
 32
 32
 31
 31
 22
 23
 22
 26
 25
 12
 12
 14
 16
 18
 21
 22
 24
 22
 22
 21
 35
 36
 36
 32
 31
 41
 38
 40
 40
 40
 30
 29
 29
 34
 29
 22
 30
 32
 30
 31
 31
 40
 39
 34
 36
 37
 41
 40
 40
 38
 43
 45
 45
 49
 48
 44
 44
 46
 49
 48
 51
 41
 39
 36
 47
 44
 40
 36
 32
 41
 38
 38
 40
 39
 34
 42
 42
 42
 44
 39
 43
 41
 39
 39
 41
 37
 35
 31
 32
 35
 32
 41
 42
 44
 39
 38
 38
 46
 44
 41
 42
 32
 33
 35
 27
 32
 34
 25
 24
 34
 29
 30
 29
 31
 33
 31
 41
 41
 42
 35
 34
 43
 45
 46
 47
 53
 41
 41
 43
 38
 41
 32
 33
 35
 37
 32
 34
 33
 35
 33
 29
 31
 36
 23
 30
 30
 29
 38
 37
 42
 41
 40
 35
 39
 32
 30
 29
 22
 19
 17
 17
 14
 12
 10
 9
 10
 13
 14
 17
 17
 24
 30
 30
 30
 30
 33
 40
 40
 45
 45
 40
 43
 44
 43
 46
 48
 47
 45
 38
 36
 37
 28
 29
 30
 30
 24
 21
 21
 22
 21
 25
 34
 34
 31
 32
 32
 38
 35
 35
 37
 34
 35
 36
 36
 36
 39
 39
 40
 40
 37
 49
 42
 43
 43
 43
 49
 43
 43
 36
 39
 32
 33
 40
 41
 37
 30
 34
 42
 42
 38
 38
 37
 32
 34
 37
 39
 33
 29
 29
 32
 33
 35
 31
 31
 29
 33
 36
 35
 37
 30
 34
 34
 33
 36
 30
 34
 32
 30
 32
 31
 41
 43
 40
 41
 43
 35
 36
 36
 37
 37
 32
 30
 31
 37
 32
 40
 42
 41
 39
 40
 38
 39
 40
 42
 44
 34
 32
 32
 33
 34
 32
 34
 37
 32
 28
 29
 38
 37
 37
 38
 37
 36
 29
 33
 31
 37
 27
 28
 36
 38
 32
 33
 33
 35
 36
 38
 38
 36
 29
 33
 44
 45
 45
 37
 37
 43
 43
 44
 43
 36
 39
 42
 47
 47
 49
 46
 48
 45
 51
 45
 45
 45
 45
 48
 44
 40
 41
 43
 44
 49
 41
 40
 33
 30
 32
 42
 37
 34
 35
 30
 41
 43
 41
 44
 51
 40
 40
 41
 43
 48
 40
 41
 41
 42
 39
 41
 38
 41
 37
 31
 33
 32
 34
 39
 34
 33
 35
 36
 45
 40
 38
 41
 37
 31
 33
 32
 42
 39
 34
 35
 35
 36
 44
 43
 41
 44
 32
 36
 35
 32
 36
 29
 27
 35
 36
 32
 33
 31
 39
 42
 45
 46
 42
 43
 45
 45
 44
 43
 40
 42
 36
 37
 43
 39
 38
 42
 47
 42
 38
 38
 40
 41
 32
 31
 28
 31
 32
 34
 33
 30
 31
 42
 37
 38
 39
 38
 30
 32
 31
 32
 27
 22
 23
 32
 32
 36
 38
 44
 45
 42
 45
 41
 37
 32
 34
 34
 35
 32
 29
 31
 41
 38
 41
 41
 47
 40
 41
 41
 40
 41
 30
 30
 29
 31
 20
 21
 25
 26
 27
 25
 33
 31
 33
 31
 31
 31
 28
 39
 37
 38
 26
 29
 37
 40
 38
 39
 40
 36
 34
 34
 43
 43
 36
 34
 41
 39
 42
 34
 36
 35
 34
 35
 33
 45
 38
 41
 40
 39
 42
 39
 35
 37
 42
 32
 42
 39
 39
 40
 37
 40
 39
 37
 35
 39
 29
 28
 28
 40
 38
 35
 33
 32
 41
 42
 41
 43
 43
 32
 33
 43
 42
 42
 35
 32
 36
 48
 42
 44
 47
 39
 47
 50
 46
 48
 44
 43
 44
 42
 41
 40
 33
 29
 30
 28
 31
 19
 23
 23
 25
 27
 25
 25
 24
 27
 28
 31
 31
 32
 25
 30
 30
 29
 39
 37
 38
 35
 27
 27
 28
 27
 31
 29
 19
 29
 32
 29
 29
 37
 37
 40
 35
 34
 34
 26
 23
 24
 27
 19
 26
 22
 19
 20
 19
 21
 23
 25
 26
 28
 22
 19
 21
 22
 23
 23
 23
 18
 17
 16
 14
 14
 14
 16
 14
 13
 11
 10
 13
 15
 11
 11
 14
 18
 22
 23
 27
 29
 37
 35
 33
 33
 35
 33
 33
 32
 29
 35
 31
 30
 33
 34
 41
 41
 36
 37
 39
 31
 33
 39
 36
 36
 36
 38
 38
 47
 46
 46
 46
 41
 49
 46
 40
 39
 47
 37
 39
 40
 37
 37
 34
 29
 32
 44
 34
 37
 32
 37
 42
 42
 44
 47
 43
 43
 45
 43
 43
 39
 45
 44
 46
 46
 42
 45
 46
 51
 51
 50
 43
 44
 42
 42
 43
 34
 32
 26
 29
 30
 21
 31
 32
 30
 40
 38
 37
 38
 37
 40
 41
 36
 36
 36
 27
 27
 36
 37
 35
 29
 28
 25
 36
 38
 39
 41
 32
 30
 33
 30
 30
 30
 26
 26
 24
 24
 24
 23
 23
 26
 23
 24
 23
 22
 23
 24
 16
 16
 16
 17
 14
 10
 8
 8
 9
 7
 6
 8
 8
 13
 20
 20
 23
 33
 33
 36
 36
 35
 32
 26
 21
 21
 27
 23
 23
 20
 20
 20
 21
 22
 27
 34
 32
 29
 33
 30
 32
 30
 38
 39
 39
 32
 40
 42
 41
 41
 39
 40
 30
 38
 34
 35
 24
 31
 39
 39
 37
 39
 40
 40
 41
 41
 41
 42
 36
 36
 43
 41
 41
 39
 37
 43
 46
 34
 34
 38
 36
 38
 45
 44
 43
 42
 43
 40
 43
 42
 44
 42
 41
 35
 43
 39
 41
 41
 42
 42
 34
 33
 25
 35
 31
 30
 29
 31
 25
 31
 32
 33
 33
 32
 34
 54
 60
 65
 66
 61
 71
 70
 72
 74
 53
 54
 48
 52
 54
 54
 46
 48
 55
 45
 45
 44
 44
 34
 35
 41
 40
 36
 31
 28
 27
 25
 20
 19
 17
 7
 6
 12
 11
 16
 18
 21
 20
 28
 28
 29
 28
 29
 30
 28
 24
 21
 21
 13
 15
 13
 11
 11
 5
 6
 7
 4
 4
 6
 6
 8
 10
 13
 15
 18
 18
 26
 25
 36
 38
 40
 40
 38
 37
 35
 36
 27
 32
 25
 31
 33
 27
 44
 45
 41
 41
 49
 51
 54
 50
 43
 44
 44
 45
 42
 42
 47
 48
 42
 44
 43
 43
 34
 39
 35
 45
 37
 36
 33
 33
 34
 37
 35
 32
 33
 25
 26
 25
 23
 20
 23
 21
 22
 25
 26
 34
 35
 35
 35
 41
 38
 33
 38
 34
 35
 28
 39
 35
 38
 36
 40
 39
 33
 46
 51
 52
 42
 44
 43
 46
 53
 52
 52
 44
 38
 35
 42
 41
 42
 36
 29
 35
 33
 33
 35
 43
 36
 45
 46
 51
 49
 42
 44
 48
 44
 41
 47
 44
 44
 34
 34
 42
 49
 46
 46
 47
 38
 45
 47
 45
 53
 46
 38
 41
 41
 34
 33
 31
 34
 37
 28
 31
 38
 38
 36
 44
 54
 53
 49
 46
 48
 46
 41
 41
 47
 39
 31
 33
 33
 41
 39
 42
 40
 49
 41
 40
 49
 50
 51
 42
 49
 53
 51
 38
 48
 50
 43
 37
 36
 38
 31
 24
 23
 23
 15
 15
 12
 19
 19
 22
 32
 31
 27
 27
 33
 33
 37
 31
 30
 33
 24
 23
 23
 22
 14
 17
 16
 14
 14
 7
 7
 7
 